Date,SessionTime,DriverAhead,DistanceToDriverAhead,Time,RPM,Speed,nGear,Throttle,Brake,DRS,Source,Distance,RelativeDistance,Status,X,Y,Z,Time_seconds,SessionTime_seconds
2026-07-05 15:14:25.056,0 days 02:06:10.563000,,455.60083333333324,0 days 00:00:00,11622.85493632,254.15249856,6,100.0,False,0,interpolation,0.505940311893911,8.651169462604647e-05,OnTrack,-1707.1358603404958,1274.4363746504084,1964.00124022473,0.0,7570.563
2026-07-05 15:14:25.126,0 days 02:06:10.633000,,455.60083333333324,0 days 00:00:00.070000,11692.50506368,255.72750144,6,100.0,False,0,pos,5.537858004654072,0.0009469288556739878,OnTrack,-1681.0,1309.0,1964.0,0.07,7570.633
2026-07-05 15:14:25.227,0 days 02:06:10.734000,,455.60083333333324,0 days 00:00:00.171000,11793.0,258.0,6,100.0,False,0,car,12.827500000000004,0.0021933985822586727,OnTrack,-1647.2373822513107,1353.2702014528081,1963.762064764604,0.171,7570.734
2026-07-05 15:14:25.427,0 days 02:06:10.934000,1,455.60083333333324,0 days 00:00:00.371000,10980.0,262.0,6,100.0,False,0,car,27.383055555555558,0.00468228066524779,OnTrack,-1592.079454311692,1423.9642686049826,1962.7059116966493,0.371,7570.934
2026-07-05 15:14:25.626,0 days 02:06:11.133000,1,456.15361057777767,0 days 00:00:00.570000,10808.98454,265.7312464,6,100.0,False,0,pos,42.126497406554314,0.0072032897826591205,OnTrack,-1517.0,1516.0,1965.0,0.57,7571.133
2026-07-05 15:14:25.666,0 days 02:06:11.173000,1,456.26472168888876,0 days 00:00:00.610000,10774.60954,266.4812464,6,100.0,False,0,pos,45.11946066052574,0.007715062252588042,OnTrack,-1498.0,1539.0,1966.0,0.61,7571.173
2026-07-05 15:14:25.747,0 days 02:06:11.254000,1,456.4897222222221,0 days 00:00:00.691000,10705.0,268.0,7,100.0,False,0,car,51.20527777777778,0.008755687677407076,OnTrack,-1461.5633941959686,1584.019807191003,1967.1387728959035,0.691,7571.254
2026-07-05 15:14:25.946,0 days 02:06:11.453000,1,456.65555539555544,0 days 00:00:00.890000,10842.1677248,272.2642816,7,100.0,False,0,pos,66.30196265262775,0.011337098490215643,OnTrack,-1369.0,1705.0,1967.0,0.89,7571.453
2026-07-05 15:14:26.027,0 days 02:06:11.534000,1,456.72305555555545,0 days 00:00:00.971000,10898.0,274.0,7,100.0,False,0,car,72.5163888888889,0.012399715032501066,OnTrack,-1317.9638335729796,1773.737526259254,1967.696243552403,0.971,7571.534
2026-07-05 15:14:26.206,0 days 02:06:11.713000,1,456.4744443555554,0 days 00:00:01.150000,11004.902816,277.4805568,7,100.0,False,0,pos,86.40500431251338,0.014774555755924481,OnTrack,-1204.0,1929.0,1970.0,1.15,7571.713
2026-07-05 15:14:26.387,0 days 02:06:11.894000,1,456.22305555555545,0 days 00:00:01.331000,11113.0,281.0,7,100.0,False,0,car,100.61638888888889,0.01720458738966097,OnTrack,-1150.3727736717024,2003.033021089484,1970.7231592691965,1.331,7571.894
2026-07-05 15:14:26.466,0 days 02:06:11.973000,1,455.9597228622221,0 days 00:00:01.410000,11154.913787022222,282.09721955555557,7,100.0,False,0,pos,106.85598159464678,0.018271507194352523,OnTrack,-1131.0,2030.0,1971.0,1.41,7571.973
2026-07-05 15:14:26.747,0 days 02:06:12.254000,1,455.0230555555554,0 days 00:00:01.691000,11304.0,286.0,7,100.0,False,0,car,129.2163888888889,0.022094955696236533,OnTrack,-1025.1723280664205,2176.4580931173814,1973.4102642524056,1.691,7572.254
2026-07-05 15:14:26.846,0 days 02:06:12.353000,1,454.61055528888875,0 days 00:00:01.790000,11328.750016,287.2375008,7,100.0,False,0,pos,137.14585703221107,0.023450830510785604,OnTrack,-954.0,2274.0,1975.0,1.79,7572.353
2026-07-05 15:14:26.987,0 days 02:06:12.494000,1,454.0230555555554,0 days 00:00:01.931000,11364.0,289.0,7,100.0,False,0,car,148.48305555555555,0.025389399613719835,OnTrack,-825.1271124216421,2450.0633213639826,1977.738235755191,1.931,7572.494
2026-07-05 15:14:27.006,0 days 02:06:12.513000,1,453.9280552355554,0 days 00:00:01.950000,11371.31502464,289.19000064,7,100.0,False,0,pos,150.01455859537984,0.02565127422656532,OnTrack,-812.0,2468.0,1978.0,1.95,7572.513
2026-07-05 15:14:27.187,0 days 02:06:12.694000,1,453.0230555555554,0 days 00:00:02.131000,11441.0,291.0,7,100.0,False,0,car,164.64972222222218,0.028153768644826063,OnTrack,-768.3088187834963,2528.0832255574896,1978.5559901180889,2.131,7572.694
2026-07-05 15:14:27.286,0 days 02:06:12.793000,1,452.4180551644443,0 days 00:00:02.230000,11477.064309028572,291.7071433142857,7,100.0,False,0,pos,172.69048111273932,0.029528673275560354,OnTrack,-746.0,2560.0,1979.0,2.23,7572.793
2026-07-05 15:14:27.467,0 days 02:06:12.974000,1,451.3119444444443,0 days 00:00:02.411000,11543.0,293.0,7,100.0,False,0,car,187.4386111111111,0.032050484028193,OnTrack,-632.6963452915071,2720.8239671556466,1982.08355494412,2.411,7572.974
2026-07-05 15:14:27.626,0 days 02:06:13.133000,1,450.25194444444435,0 days 00:00:02.570000,11608.0,294.0,7,100.0,False,0,pos,200.4236111111111,0.0342708138345176,OnTrack,-530.0,2867.0,1985.0,2.57,7573.133
2026-07-05 15:14:27.906,0 days 02:06:13.413000,1,447.9963888888888,0 days 00:00:02.850000,11699.7,296.1,7,100.0,False,0,pos,223.48656301745893,0.038214391773639285,OnTrack,-456.0,2976.0,1987.0,2.85,7573.413
2026-07-05 15:14:28.026,0 days 02:06:13.533000,1,447.0297222222222,0 days 00:00:02.970000,11739.0,297.0,7,100.0,False,0,car,233.42361111111111,0.03991354649595095,OnTrack,-407.3495210895557,3048.835508981479,1988.0547959058092,2.97,7573.533
2026-07-05 15:14:28.186,0 days 02:06:13.693000,1,445.60749999999996,0 days 00:00:03.130000,11218.636363636364,297.72727272727275,7,100.0,False,0,pos,246.70552352164978,0.042184645919140146,OnTrack,-328.0,3168.0,1990.0,3.13,7573.693
2026-07-05 15:14:28.386,0 days 02:06:13.893000,1,443.82972222222213,0 days 00:00:03.330000,10568.181818181818,298.6363636363636,7,100.0,False,0,pos,263.33172963491785,0.04502759247280864,OnTrack,-236.0,3307.0,1993.0,3.33,7573.893
2026-07-05 15:14:28.466,0 days 02:06:13.973000,1,443.118611111111,0 days 00:00:03.410000,10308.0,299.0,8,100.0,False,0,car,269.96805555555557,0.04616235044324194,OnTrack,-199.0814075036668,3361.56719447511,1993.9055862291088,3.41,7573.973
2026-07-05 15:14:28.606,0 days 02:06:14.113000,1,441.87416439111104,0 days 00:00:03.550000,10371.0001152,298.4166656,8,100.0,False,0,pos,281.55968072919075,0.048144424442222666,OnTrack,-133.0,3457.0,1995.0,3.55,7574.113
2026-07-05 15:14:28.706,0 days 02:06:14.213000,1,440.9852777777777,0 days 00:00:03.650000,10416.0,298.0,8,100.0,False,0,car,289.83472222222224,0.04955938950002404,OnTrack,-84.19206117579174,3525.728296937799,1995.4997201829499,3.65,7574.213
2026-07-05 15:14:28.786,0 days 02:06:14.293000,1,440.25194444444435,0 days 00:00:03.730000,10401.25,298.0,8,100.0,False,0,pos,296.45771807960534,0.050691868137629895,OnTrack,-46.0,3579.0,1996.0,3.73,7574.293
2026-07-05 15:14:29.026,0 days 02:06:14.533000,1,438.0519444444443,0 days 00:00:03.970000,10357.0,298.0,8,100.0,False,0,car,316.3236111111112,0.054088774909066835,OnTrack,66.61774154719103,3732.058985840813,1999.2132474421132,3.97,7574.533
2026-07-05 15:14:29.066,0 days 02:06:14.573000,1,437.66305555555545,0 days 00:00:04.010000,10355.666666666666,297.8333333333333,8,100.0,False,0,pos,319.6294407342653,0.054654044993542775,OnTrack,92.0,3764.0,2000.0,4.01,7574.573
2026-07-05 15:14:29.266,0 days 02:06:14.773000,1,435.71861111111104,0 days 00:00:04.210000,10349.0,297.0,8,100.0,False,0,car,336.12361111111113,0.05747441450592683,OnTrack,252.22880480674436,3956.1508289060894,2004.7617453166774,4.21,7574.773
2026-07-05 15:14:29.326,0 days 02:06:14.833000,1,434.8519407466666,0 days 00:00:04.270000,10335.999944533334,296.49999786666666,8,100.0,False,0,pos,341.05455463987033,0.058317565902939336,OnTrack,293.0,4004.0,2006.0,4.27,7574.833
2026-07-05 15:14:29.506,0 days 02:06:15.013000,1,432.2519444444444,0 days 00:00:04.450000,10297.0,295.0,8,100.0,False,0,car,355.7902777777778,0.06083725518294266,OnTrack,366.6307457652004,4088.465088223885,2008.4662128030352,4.45,7575.013
2026-07-05 15:14:29.666,0 days 02:06:15.173000,1,429.05194444444436,0 days 00:00:04.610000,10215.0,293.0,8,100.0,False,0,car,368.81250000000006,0.06306394968772377,OnTrack,430.39039750681394,4147.049476474994,2009.8365056442528,4.61,7575.173
2026-07-05 15:14:29.685,0 days 02:06:15.192000,1,428.5769428444444,0 days 00:00:04.629000,10200.8687024,292.8812496,8,96.6749888,False,0,pos,370.3569426159451,0.06332803686326022,OnTrack,442.0,4157.0,2010.0,4.629,7575.192
2026-07-05 15:14:29.826,0 days 02:06:15.333000,1,425.0519444444443,0 days 00:00:04.770000,10096.0,292.0,8,72.0,False,0,car,381.79027777777776,0.0652830445525568,OnTrack,554.2843075830526,4249.983845443736,2011.215985278013,4.77,7575.333
2026-07-05 15:14:29.925,0 days 02:06:15.432000,1,422.21944261333323,0 days 00:00:04.869000,10056.89497472,290.01999872,8,59.624992,False,0,pos,389.7398948497791,0.06664236467068013,OnTrack,641.0,4314.0,2012.0,4.869,7575.432
2026-07-05 15:14:30.026,0 days 02:06:15.533000,1,419.32972222222213,0 days 00:00:04.970000,10017.0,288.0,8,47.0,False,0,car,397.79027777777776,0.06801891493385781,OnTrack,723.3598178099841,4364.258619318661,2012.693214054773,4.97,7575.533
2026-07-05 15:14:30.265,0 days 02:06:15.772000,1,411.42944232888874,0 days 00:00:05.209000,9922.1468496,285.0124992,8,52.2281264,False,0,pos,416.6672933964714,0.07124673167876659,OnTrack,894.0,4437.0,2014.0,5.209,7575.772
2026-07-05 15:14:30.346,0 days 02:06:15.853000,1,408.7519444444443,0 days 00:00:05.290000,9890.0,284.0,8,54.0,False,0,car,423.03472222222223,0.07233551042435497,OnTrack,944.2627166464463,4454.4162405741,2014.3862772837797,5.29,7575.853
2026-07-05 15:14:30.546,0 days 02:06:16.053000,1,401.5852777777776,0 days 00:00:05.490000,9890.0,282.0,8,54.0,False,0,car,438.7013888888889,0.07501438350604556,OnTrack,1053.8658006188384,4483.916565976117,2015.2359697236636,5.49,7576.053
2026-07-05 15:14:30.726,0 days 02:06:16.233000,1,394.6352678933332,0 days 00:00:05.670000,9799.357013942858,279.42856777142856,8,83.57147062857143,False,0,pos,452.6381760241101,0.07739746120190485,OnTrack,1168.0,4502.0,2016.0,5.67,7576.233
2026-07-05 15:14:30.826,0 days 02:06:16.333000,1,390.7741666666666,0 days 00:00:05.770000,9749.0,278.0,8,100.0,False,0,car,460.32361111111106,0.07871160834077594,OnTrack,1243.7892460070534,4510.03236498447,2016.4471353871345,5.77,7576.333
2026-07-05 15:14:30.926,0 days 02:06:16.433000,1,386.8019380699231,0 days 00:00:05.870000,9709.1989411035,276.5074602913812,8,100.0,False,0,pos,467.9763770590083,0.08002016932151851,OnTrack,1323.0,4516.0,2017.0,5.87,7576.433
2026-07-05 15:14:31.027,0 days 02:06:16.534000,1,382.7899999999999,0 days 00:00:05.971000,9669.0,275.0,8,100.0,False,0,car,475.67777777777775,0.08133704645408173,OnTrack,1400.970642606177,4519.295794331754,2017.7565868925813,5.971,7576.534
2026-07-05 15:14:31.146,0 days 02:06:16.653000,1,377.897785671111,0 days 00:00:06.090000,9635.850053485714,274.1500013714286,8,100.0,False,0,pos,484.722702879081,0.08288365537194059,OnTrack,1492.0,4520.0,2019.0,6.09,7576.653
2026-07-05 15:14:31.307,0 days 02:06:16.814000,1,371.27888888888884,0 days 00:00:06.251000,9591.0,273.0,8,100.0,False,0,car,496.9111111111111,0.08496777443926662,OnTrack,1616.4579610644955,4516.297252498533,2021.3474131296944,6.251,7576.814
2026-07-05 15:14:31.366,0 days 02:06:16.873000,1,368.73860835555547,0 days 00:00:06.310000,9563.958304,272.5083328,8,100.0,False,0,pos,501.36397994288563,0.08572917893605853,OnTrack,1660.0,4514.0,2022.0,6.31,7576.873
2026-07-05 15:14:31.526,0 days 02:06:17.033000,1,361.84971946666656,0 days 00:00:06.470000,9490.624970666666,271.1749994666667,8,100.0,False,0,pos,513.4020033141735,0.08778758341049077,OnTrack,1780.0,4504.0,2023.0,6.47,7577.033
2026-07-05 15:14:31.547,0 days 02:06:17.054000,1,360.9455555555554,0 days 00:00:06.491000,9481.0,271.0,8,100.0,False,0,car,514.9777777777778,0.08805702807815236,OnTrack,1799.9442483579144,4501.625216831526,2023.1908469949271,6.491,7577.054
2026-07-05 15:14:31.766,0 days 02:06:17.273000,1,351.2122193777776,0 days 00:00:06.710000,9432.81998592,269.90499968,8,100.0,False,0,pos,531.3528171172294,0.09085702714824263,OnTrack,2048.0,4467.0,2026.0,6.71,7577.273
2026-07-05 15:14:31.947,0 days 02:06:17.454000,1,343.1677777777776,0 days 00:00:06.891000,9393.0,269.0,8,100.0,False,0,car,544.8666666666667,0.0931677859432216,OnTrack,2189.7577738890454,4450.052019574903,2027.1694400087254,6.891,7577.454
2026-07-05 15:14:32.186,0 days 02:06:17.693000,1,332.2136199111109,0 days 00:00:07.130000,9397.979162666667,269.0,8,100.0,False,0,pos,562.7255248632107,0.09622150601720786,OnTrack,2313.0,4442.0,2028.0,7.13,7577.693
2026-07-05 15:14:32.187,0 days 02:06:17.694000,1,332.1677777777776,0 days 00:00:07.131000,9398.0,269.0,8,100.0,False,0,car,562.8000000000001,0.09623424066226317,OnTrack,2313.5223873210593,4441.976104069163,2028.0061082731002,7.131,7577.694
2026-07-05 15:14:32.387,0 days 02:06:17.894000,1,322.9455555555553,0 days 00:00:07.331000,9351.0,267.0,8,100.0,False,0,car,577.6333333333334,0.09877062049492766,OnTrack,2422.105346039592,4438.979281783695,2029.632041515311,7.331,7577.894
2026-07-05 15:14:32.426,0 days 02:06:17.933000,1,321.1363977955553,0 days 00:00:07.370000,9346.41752256,266.80500096,8,100.0,False,0,pos,580.5150590348433,0.09926337224453982,OnTrack,2446.0,4439.0,2030.0,7.37,7577.933
2026-07-05 15:14:32.787,0 days 02:06:18.294000,1,304.38999999999965,0 days 00:00:07.731000,9304.0,265.0,8,100.0,False,0,car,607.0777777777779,0.10380538196051634,OnTrack,2709.8810542013,4453.16431526173,2033.7872933753185,7.731,7578.294
2026-07-05 15:14:32.806,0 days 02:06:18.313000,1,303.5402749155552,0 days 00:00:07.750000,9300.6749888,264.95249984,8,100.0,False,0,pos,608.4738511188028,0.10404409919200595,OnTrack,2724.0,4455.0,2034.0,7.75,7578.313
2026-07-05 15:14:32.986,0 days 02:06:18.493000,1,295.4902863644441,0 days 00:00:07.930000,9269.1750336,264.50250048,8,100.0,False,0,pos,621.6963426225536,0.10630503812151322,OnTrack,2853.0,4478.0,2036.0,7.93,7578.493
2026-07-05 15:14:33.186,0 days 02:06:18.693000,1,286.54584191999965,0 days 00:00:08.130000,9234.1750336,264.00250048,8,100.0,False,0,pos,636.3381238949501,0.10880866410355304,OnTrack,2995.0,4518.0,2038.0,8.13,7578.693
2026-07-05 15:14:33.187,0 days 02:06:18.694000,1,286.50111111111073,0 days 00:00:08.131000,9234.0,264.0,8,100.0,False,0,car,636.4111111111113,0.10882114432623487,OnTrack,2995.9076497715614,4518.325621708165,2038.0120221951856,8.131,7578.694
2026-07-05 15:14:33.387,0 days 02:06:18.894000,1,277.88999999999965,0 days 00:00:08.331000,9210.0,262.0,8,100.0,False,0,car,650.9666666666668,0.11131002640922398,OnTrack,3207.546630447329,4603.874498506761,2040.772501855574,8.331,7578.894
2026-07-05 15:14:33.406,0 days 02:06:18.913000,1,277.10888625777744,0 days 00:00:08.350000,9206.267844571428,261.93214262857146,8,100.0,False,0,pos,652.3471563356128,0.11154607895903404,OnTrack,3224.0,4611.0,2041.0,8.35,7578.913
2026-07-05 15:14:33.667,0 days 02:06:19.174000,1,266.37888888888847,0 days 00:00:08.611000,9155.0,261.0,8,100.0,False,0,car,671.2666666666669,0.11478116195549966,OnTrack,3337.5640028479047,4669.574418428668,2043.0113858114214,8.611,7579.174
2026-07-05 15:14:33.786,0 days 02:06:19.293000,1,261.85028508444407,0 days 00:00:08.730000,9136.40628,260.2562512,8,100.0,False,0,pos,679.8424402631671,0.11624754976671266,OnTrack,3388.0,4706.0,2044.0,8.73,7579.293
2026-07-05 15:14:33.987,0 days 02:06:19.494000,1,254.20111111111078,0 days 00:00:08.931000,9105.0,259.0,8,100.0,False,0,car,694.288888888889,0.11871777544859387,OnTrack,3525.3170962035842,4806.948272214031,2046.3528116488042,8.931,7579.494
2026-07-05 15:14:34.046,0 days 02:06:19.553000,1,252.05416433777742,0 days 00:00:08.990000,9082.1374752,259.0,8,100.0,False,0,pos,698.5342278010773,0.1194436940103714,OnTrack,3563.0,4836.0,2047.0,8.99,7579.553
2026-07-05 15:14:34.147,0 days 02:06:19.654000,1,248.37888888888847,0 days 00:00:09.091000,9043.0,259.0,8,100.0,False,0,car,705.8000000000002,0.120686082195141,OnTrack,3616.169878352123,4879.4374729370165,2047.9446473987468,9.091,7579.654
2026-07-05 15:14:34.306,0 days 02:06:19.813000,1,242.99055773352055,0 days 00:00:09.250000,9048.322173580993,258.3347283023759,8,100.0,False,0,pos,717.2051867719472,0.12263627673780202,OnTrack,3683.0,4940.0,2049.0,9.25,7579.813
2026-07-05 15:14:34.386,0 days 02:06:19.893000,1,240.27944444444393,0 days 00:00:09.330000,9051.0,258.0,8,100.0,False,0,car,722.9283333333336,0.12361488843562336,OnTrack,3716.6319915216104,4972.189087813154,2049.3221941860616,9.33,7579.893
2026-07-05 15:14:34.546,0 days 02:06:20.053000,1,234.8572222222217,0 days 00:00:09.490000,9002.0,257.0,8,100.0,False,0,car,734.3505555555558,0.12556799590227435,OnTrack,3785.9100041646007,5041.639675969295,2049.5780900583773,9.49,7580.053
2026-07-05 15:14:34.706,0 days 02:06:20.213000,1,229.03499999999948,0 days 00:00:09.650000,9002.666666666666,257.0,8,100.0,False,0,pos,745.7752645457779,0.1275215285861076,OnTrack,3888.0,5144.0,2050.0,9.65,7580.213
2026-07-05 15:14:34.786,0 days 02:06:20.293000,1,226.12388888888836,0 days 00:00:09.730000,9003.0,257.0,8,100.0,False,0,car,751.4838888888892,0.12849765710225086,OnTrack,3956.0422905414125,5211.594136146427,2050.3797570344814,9.73,7580.293
2026-07-05 15:14:34.906,0 days 02:06:20.413000,1,221.52388888888834,0 days 00:00:09.850000,9271.5,255.5,8,50.0,False,0,pos,760.0366235091122,0.12996010543516315,OnTrack,4060.0,5314.0,2051.0,9.85,7580.413
2026-07-05 15:14:35.026,0 days 02:06:20.533000,1,216.9238888888883,0 days 00:00:09.970000,9540.0,254.0,8,0.0,False,0,car,768.4172222222226,0.1313931199224611,OnTrack,4134.492996735953,5385.638850245236,2051.417923790183,9.97,7580.533
2026-07-05 15:14:35.286,0 days 02:06:20.793000,1,207.82387992888835,0 days 00:00:10.230000,9341.28551862857,236.35712548571428,8,0.0,False,0,pos,785.4466429576312,0.1343050129100059,OnTrack,4224.0,5467.0,2052.0,10.23,7580.793
2026-07-05 15:14:35.306,0 days 02:06:20.813000,1,207.12388888888836,0 days 00:00:10.250000,9326.0,235.0,7,0.0,True,0,car,786.6950000000003,0.1345184718511001,OnTrack,4229.612232099558,5472.096768744085,2052.060997104045,10.25,7580.813
2026-07-05 15:14:35.466,0 days 02:06:20.973000,1,202.05722222222164,0 days 00:00:10.410000,9606.0,217.0,7,0.0,True,0,car,796.3394444444448,0.13616759371982878,OnTrack,4270.788905928436,5509.647005258566,2052.643850113815,10.41,7580.973
2026-07-05 15:14:35.566,0 days 02:06:21.073000,1,199.223881635555,0 days 00:00:10.510000,9920.50080512,208.49997824,7,0.0,True,0,pos,801.9781957953435,0.13713177452035658,OnTrack,4304.0,5539.0,2053.0,10.51,7581.073
2026-07-05 15:14:35.666,0 days 02:06:21.173000,1,196.390555555555,0 days 00:00:10.610000,10235.0,200.0,6,0.0,True,0,car,807.4505555555559,0.13806750370684337,OnTrack,4347.783758709109,5576.793249446202,2053.308153395623,10.61,7581.173
2026-07-05 15:14:35.826,0 days 02:06:21.333000,1,192.0349999999994,0 days 00:00:10.770000,9910.0,193.0,6,0.0,True,0,car,816.0283333333336,0.13953423421681865,OnTrack,4431.140270663505,5647.549929539569,2053.7428786096575,10.77,7581.333
2026-07-05 15:14:35.906,0 days 02:06:21.413000,1,190.3461111111105,0 days 00:00:10.850000,10295.0,184.33333333333334,6,0.0,True,0,pos,819.9498851559412,0.1402047878093317,OnTrack,4465.0,5676.0,2054.0,10.85,7581.413
2026-07-05 15:14:36.066,0 days 02:06:21.573000,1,186.96833333333268,0 days 00:00:11.010000,11065.0,167.0,5,0.0,True,0,car,827.161666666667,0.14143794402380727,OnTrack,4511.9300554951005,5714.732934296412,2054.617539365976,11.01,7581.573
2026-07-05 15:14:36.205,0 days 02:06:21.712000,1,184.41999882666596,0 days 00:00:11.149000,10985.76996352,157.96499584,5,0.0,True,0,pos,833.1586450575403,0.14246337874611303,OnTrack,4551.0,5746.0,2055.0,11.149,7581.712
2026-07-05 15:14:36.266,0 days 02:06:21.773000,1,183.30166666666594,0 days 00:00:11.210000,10951.0,154.0,4,0.0,True,0,car,835.7172222222226,0.14290087471380852,OnTrack,4573.0293189298345,5763.494119960153,2055.0538371460907,11.21,7581.773
2026-07-05 15:14:36.365,0 days 02:06:21.872000,1,181.67916561777707,0 days 00:00:11.309000,10490.296130742858,150.11071177142858,4,0.0,True,0,pos,839.7736205848754,0.14359448597225474,OnTrack,4611.0,5793.0,2055.0,11.309,7581.872
2026-07-05 15:14:36.546,0 days 02:06:22.053000,1,178.7127777777771,0 days 00:00:11.490000,9648.0,143.0,3,0.0,True,0,car,846.8394444444448,0.1448026846108101,OnTrack,4668.488491115469,5833.038934328772,2054.481204942327,11.49,7582.053
2026-07-05 15:14:36.725,0 days 02:06:22.232000,1,176.27638801777718,0 days 00:00:11.669000,10526.5919808,132.5583296,3,0.7458336,True,0,pos,853.3131393018546,0.14590963398693313,OnTrack,4726.0,5862.0,2054.0,11.669,7582.232
2026-07-05 15:14:36.786,0 days 02:06:22.293000,1,175.44611111111055,0 days 00:00:11.730000,10826.0,129.0,3,1.0,True,0,car,855.4394444444448,0.1462732149407594,OnTrack,4749.427005957661,5871.147950758138,2053.970311713221,11.73,7582.293
2026-07-05 15:14:36.945,0 days 02:06:22.452000,1,173.54694367999943,0 days 00:00:11.889000,10602.737410133333,123.69999786666666,3,1.6625002666666666,True,0,pos,860.8398544372553,0.14719664129989765,OnTrack,4815.0,5891.0,2054.0,11.889,7582.452
2026-07-05 15:14:37.026,0 days 02:06:22.533000,1,172.57944444444388,0 days 00:00:11.970000,10489.0,121.0,2,2.0,True,0,car,863.5061111111115,0.147652549591332,OnTrack,4846.506208099902,5896.739503818769,2053.8715571488992,11.97,7582.533
2026-07-05 15:14:37.226,0 days 02:06:22.733000,1,170.63499999999954,0 days 00:00:12.170000,9869.0,114.0,2,4.0,True,0,car,869.8394444444448,0.14873549828393032,OnTrack,4916.491756524445,5899.573707383222,2053.210598276348,12.17,7582.733
2026-07-05 15:14:37.306,0 days 02:06:22.813000,1,169.99055555555515,0 days 00:00:12.250000,9627.5,111.5,2,4.0,True,0,pos,872.2828166284996,0.14915329513323347,OnTrack,4940.0,5899.0,2053.0,12.25,7582.813
2026-07-05 15:14:37.386,0 days 02:06:22.893000,1,169.34611111111076,0 days 00:00:12.330000,9386.0,109.0,2,4.0,True,0,car,874.6838888888892,0.1495638590382687,OnTrack,4960.729114656753,5897.892016861681,2052.850093794111,12.33,7582.893
2026-07-05 15:14:37.726,0 days 02:06:23.233000,1,167.64611073526603,0 days 00:00:12.670000,9137.357285749034,104.29085768464078,2,6.825485389215527,True,0,pos,884.5212998351504,0.15124597661555383,OnTrack,5032.0,5886.0,2053.0,12.67,7583.233
2026-07-05 15:14:37.747,0 days 02:06:23.254000,1,167.5411111111107,0 days 00:00:12.691000,9122.0,104.0,2,7.0,False,0,car,885.1127777777781,0.15134711455208058,OnTrack,5036.857521266947,5884.76783721582,2053.061497274577,12.691,7583.254
2026-07-05 15:14:37.947,0 days 02:06:23.454000,1,167.04111111111058,0 days 00:00:12.891000,8917.0,100.0,2,7.0,False,0,car,890.6683333333336,0.15229706954558786,OnTrack,5089.149306408497,5867.64822144917,2053.9080984263437,12.891,7583.454
2026-07-05 15:14:37.966,0 days 02:06:23.473000,1,167.03055551999947,0 days 00:00:12.910000,8908.529138133334,99.84166613333333,2,7.079166933333333,False,0,pos,891.1904118672925,0.15238634074544855,OnTrack,5095.0,5865.0,2054.0,12.91,7583.473
2026-07-05 15:14:38.166,0 days 02:06:23.673000,1,166.91944440888847,0 days 00:00:13.110000,8819.362471466668,98.17499946666666,2,7.912500266666667,False,0,pos,896.6349126390004,0.15331730627059148,OnTrack,5162.0,5828.0,2055.0,13.11,7583.673
2026-07-05 15:14:38.187,0 days 02:06:23.694000,1,166.90777777777737,0 days 00:00:13.131000,8810.0,98.0,2,8.0,False,0,car,897.2016666666669,0.15341421661795246,OnTrack,5168.281664144449,5824.124326946254,2055.1004459106034,13.131,7583.694
2026-07-05 15:14:38.787,0 days 02:06:24.294000,1,170.07444444444388,0 days 00:00:13.731000,9033.0,96.0,2,29.0,False,0,car,913.2016666666669,0.15615008699925345,OnTrack,5268.0049221010395,5729.912390654503,2057.684962558209,13.731,7584.294
2026-07-05 15:14:38.846,0 days 02:06:24.353000,1,170.4677782044439,0 days 00:00:13.790000,9107.04508032,96.59000064,2,30.77000192,False,0,pos,914.7972894098634,0.15642292556193105,OnTrack,5276.0,5718.0,2058.0,13.79,7584.353
2026-07-05 15:14:38.987,0 days 02:06:24.494000,1,171.40777777777726,0 days 00:00:13.931000,9284.0,98.0,2,35.0,False,0,car,918.6461111111114,0.1570810428928906,OnTrack,5295.93284662957,5686.196290901382,2058.794038609269,13.931,7584.494
2026-07-05 15:14:39.046,0 days 02:06:24.553000,1,171.94861169777724,0 days 00:00:13.990000,9353.3250752,98.63214354285714,2,36.26428708571429,False,0,pos,920.2757780331408,0.15735970273435096,OnTrack,5304.0,5672.0,2059.0,13.99,7584.553
2026-07-05 15:14:39.226,0 days 02:06:24.733000,1,173.59860935111053,0 days 00:00:14.170000,9564.8247744,100.56071222857143,2,40.12142445714286,False,0,pos,925.3284729555683,0.15822367263335219,OnTrack,5326.0,5627.0,2059.0,14.17,7584.733
2026-07-05 15:14:39.267,0 days 02:06:24.774000,1,173.97444444444386,0 days 00:00:14.211000,9613.0,101.0,2,41.0,False,0,car,926.501666666667,0.15842427925370994,OnTrack,5330.292552085569,5616.686481070671,2058.9688957483427,14.211,7584.774
2026-07-05 15:14:39.467,0 days 02:06:24.974000,1,176.08555555555495,0 days 00:00:14.411000,9838.0,105.0,2,42.0,False,0,car,932.3350000000003,0.15942173199689258,OnTrack,5347.932395493095,5564.046024279733,2058.9069824210987,14.411,7584.974
2026-07-05 15:14:39.526,0 days 02:06:25.033000,1,176.75750072888826,0 days 00:00:14.470000,10063.6752448,105.7375008,2,44.9500032,False,0,pos,934.0764323937012,0.1597195028285779,OnTrack,5353.0,5545.0,2059.0,14.47,7585.033
2026-07-05 15:14:39.627,0 days 02:06:25.134000,1,177.90777777777714,0 days 00:00:14.571000,10450.0,107.0,2,50.0,False,0,car,937.0905555555559,0.16023489347133485,OnTrack,5361.899580826091,5507.551199159722,2059.3104574008526,14.571,7585.134
2026-07-05 15:14:39.786,0 days 02:06:25.293000,1,180.20444167111032,0 days 00:00:14.730000,10733.81465728,110.17999616,2,53.17999616,False,0,pos,941.9762896111937,0.16107031441469322,OnTrack,5374.0,5449.0,2060.0,14.73,7585.293
2026-07-05 15:14:39.827,0 days 02:06:25.334000,1,180.79666666666583,0 days 00:00:14.771000,10807.0,111.0,2,54.0,False,0,car,943.2572222222226,0.16128934351412796,OnTrack,5376.060698746479,5437.488147814456,2060.1666555452684,14.771,7585.334
2026-07-05 15:14:40.026,0 days 02:06:25.533000,1,184.22388558222136,0 days 00:00:14.970000,11431.983772,114.7312464,2,67.0593624,False,0,pos,949.5847258356588,0.1623712953718514,OnTrack,5382.0,5391.0,2061.0,14.97,7585.533
2026-07-05 15:14:40.147,0 days 02:06:25.654000,1,186.3077777777769,0 days 00:00:15.091000,11812.0,117.0,2,75.0,False,0,car,953.6572222222226,0.1630676592619736,OnTrack,5385.991146351821,5350.581061896128,2061.6826711246026,15.091,7585.654
2026-07-05 15:14:40.206,0 days 02:06:25.713000,1,187.22555655111023,0 days 00:00:15.150000,11913.0376096,120.4416704,2,79.4250048,False,0,pos,955.7311483514306,0.1634222838288428,OnTrack,5388.0,5329.0,2062.0,15.15,7585.713
2026-07-05 15:14:40.387,0 days 02:06:25.894000,1,190.04111111111024,0 days 00:00:15.331000,12223.0,131.0,2,93.0,False,0,car,962.3905555555559,0.1645609885117671,OnTrack,5393.8968704404,5261.087033449106,2062.730196521416,15.331,7585.894
2026-07-05 15:14:40.606,0 days 02:06:26.113000,1,193.87361223111017,0 days 00:00:15.550000,11961.112423466666,136.4750016,2,8.1374752,False,0,pos,970.7326403809449,0.1659874174362722,OnTrack,5403.0,5179.0,2064.0,15.55,7586.113
2026-07-05 15:14:40.627,0 days 02:06:26.134000,1,194.24111111111017,0 days 00:00:15.571000,11936.0,137.0,2,0.0,False,0,car,971.5238888888892,0.16612271452109306,OnTrack,5404.155438064601,5171.371838831432,2064.2032687980086,15.571,7586.134
2026-07-05 15:14:40.706,0 days 02:06:26.213000,1,195.90888483555455,0 days 00:00:15.650000,11819.87028224,135.0250048,2,0.0,False,0,pos,974.4701807574581,0.1666265065622109,OnTrack,5409.0,5143.0,2065.0,15.65,7586.213
2026-07-05 15:14:40.827,0 days 02:06:26.334000,1,198.46333333333223,0 days 00:00:15.771000,11642.0,132.0,2,0.0,True,0,car,978.8572222222226,0.1673766551125227,OnTrack,5418.26056713392,5100.16423410621,2065.72729237854,15.771,7586.334
2026-07-05 15:14:40.986,0 days 02:06:26.493000,1,202.7916640451385,0 days 00:00:15.930000,10956.157155204306,126.01881240003756,2,0.0,True,0,pos,984.3070609302165,0.168308533381527,OnTrack,5433.0,5048.0,2066.0,15.93,7586.493
2026-07-05 15:14:41.146,0 days 02:06:26.653000,1,207.14722222222133,0 days 00:00:16.090000,10266.0,120.0,2,0.0,True,0,pos,989.4905555555559,0.16919486897009567,OnTrack,5453.0,4999.0,2066.0,16.09,7586.653
2026-07-05 15:14:41.326,0 days 02:06:26.833000,1,212.9972305422212,0 days 00:00:16.270000,9657.213419885715,112.92856137142857,2,0.0,True,0,pos,995.0354563169211,0.1701430020801127,OnTrack,5499.0,4919.0,2066.0,16.27,7586.833
2026-07-05 15:14:41.426,0 days 02:06:26.933000,1,216.24722222222113,0 days 00:00:16.370000,9319.0,109.0,2,0.0,True,0,car,997.9683333333337,0.1706445002901878,OnTrack,5518.144911908015,4888.378107888358,2065.8587570771597,16.37,7586.933
2026-07-05 15:14:41.786,0 days 02:06:27.293000,1,229.9472222222214,0 days 00:00:16.730000,8485.6,98.2,2,0.0,True,0,pos,1007.7033456963997,0.17230910853929476,OnTrack,5560.0,4845.0,2065.0,16.73,7587.293
2026-07-05 15:14:41.826,0 days 02:06:27.333000,1,231.46944444444364,0 days 00:00:16.770000,8393.0,97.0,2,0.0,True,0,car,1008.7461111111114,0.17248741297759196,OnTrack,5568.222250564384,4837.670018976312,2064.992088233107,16.77,7587.333
2026-07-05 15:14:42.026,0 days 02:06:27.533000,1,239.7472222222214,0 days 00:00:16.970000,8193.555555555555,94.22222222222223,2,1.6666666666666667,True,0,pos,1013.9027379993435,0.17336915440077535,OnTrack,5616.0,4796.0,2065.0,16.97,7587.533
2026-07-05 15:14:42.186,0 days 02:06:27.693000,1,246.36944444444362,0 days 00:00:17.130000,8034.0,92.0,2,3.0,False,0,car,1017.9461111111113,0.17406053844684002,OnTrack,5643.472765872189,4776.00711356478,2064.3771008409653,17.13,7587.693
2026-07-05 15:14:42.266,0 days 02:06:27.773000,1,249.8361111111103,0 days 00:00:17.210000,7976.0,90.5,2,3.5,False,0,pos,1019.9368083980207,0.17440093155592698,OnTrack,5657.0,4768.0,2064.0,17.21,7587.773
2026-07-05 15:14:42.346,0 days 02:06:27.853000,1,253.302777777777,0 days 00:00:17.290000,7918.0,89.0,2,4.0,False,0,car,1021.9016666666669,0.1747369064022172,OnTrack,5672.192918155326,4759.887252279621,2063.653881740049,17.29,7587.853
2026-07-05 15:14:42.586,0 days 02:06:28.093000,1,264.10277777777696,0 days 00:00:17.530000,7795.0,86.0,2,5.0,False,0,car,1027.6350000000002,0.17571725995551674,OnTrack,5725.424394472971,4737.478931893124,2063.4418993350664,17.53,7588.093
2026-07-05 15:14:42.646,0 days 02:06:28.153000,1,267.00279015111033,0 days 00:00:17.590000,7750.681629090909,85.72727156363636,2,4.318178909090909,False,0,pos,1029.0495892296462,0.1759591432539602,OnTrack,5739.0,4734.0,2064.0,17.59,7588.153
2026-07-05 15:14:42.726,0 days 02:06:28.233000,1,270.869456817777,0 days 00:00:17.670000,7691.59072,85.3636352,2,3.409088,False,0,pos,1030.9279020096242,0.17628031952280776,OnTrack,5757.0,4731.0,2065.0,17.67,7588.233
2026-07-05 15:14:42.965,0 days 02:06:28.472000,1,282.4211142044438,0 days 00:00:17.909000,7515.056770909091,84.27727243636363,2,0.6931810909090906,False,0,pos,1036.4912205917767,0.1772316019309736,OnTrack,5810.0,4734.0,2064.0,17.909,7588.472
2026-07-05 15:14:43.026,0 days 02:06:28.533000,1,285.36944444444384,0 days 00:00:17.970000,7470.0,84.0,2,0.0,False,0,car,1037.9016666666669,0.17747277678351822,OnTrack,5823.460238682357,4737.344916862588,2063.9675287666946,17.97,7588.533
2026-07-05 15:14:43.125,0 days 02:06:28.632000,1,290.3469476622216,0 days 00:00:18.069000,7589.3500771555555,83.72499982222222,2,6.325004088888888,False,0,pos,1040.1828261203916,0.1778628365700476,OnTrack,5845.0,4745.0,2064.0,18.069,7588.632
2026-07-05 15:14:43.285,0 days 02:06:28.792000,1,298.391392106666,0 days 00:00:18.229000,7782.238966044444,83.28055537777777,2,16.54722631111111,False,0,pos,1043.8588022475203,0.17849139870808392,OnTrack,5878.0,4763.0,2063.0,18.229,7588.792
2026-07-05 15:14:43.386,0 days 02:06:28.893000,1,303.46944444444375,0 days 00:00:18.330000,7904.0,83.0,2,23.0,False,0,car,1046.2016666666668,0.17889200954381812,OnTrack,5897.809817146355,4776.5013034699,2063.176889367072,18.33,7588.893
2026-07-05 15:14:43.525,0 days 02:06:29.032000,1,310.5352810311103,0 days 00:00:18.469000,8056.9000704,84.39000064,2,27.86500224,False,0,pos,1049.4652801686827,0.17945006101357933,OnTrack,5924.0,4797.0,2064.0,18.469,7589.032
2026-07-05 15:14:43.586,0 days 02:06:29.093000,1,313.63611111111027,0 days 00:00:18.530000,8124.0,85.0,2,30.0,False,0,car,1050.9238888888892,0.17969947128829936,OnTrack,5935.185125549148,4806.516511388826,2064.166322896263,18.53,7589.093
2026-07-05 15:14:43.846,0 days 02:06:29.353000,1,326.8527907911103,0 days 00:00:18.790000,8443.428885942858,88.71428937142858,2,37.42857874285714,False,0,pos,1057.3443809046933,0.18079732340951296,OnTrack,5981.0,4851.0,2064.0,18.79,7589.353
2026-07-05 15:14:43.866,0 days 02:06:29.373000,1,327.8694444444436,0 days 00:00:18.810000,8468.0,89.0,2,38.0,False,0,car,1057.8461111111114,0.18088311521020944,OnTrack,5984.4279845529645,4854.7317098002095,2063.9916365250556,18.81,7589.373
2026-07-05 15:14:44.106,0 days 02:06:29.613000,1,340.06944444444343,0 days 00:00:19.050000,8899.0,92.0,2,43.0,False,0,pos,1063.9794444444449,0.18193186552304152,OnTrack,6024.0,4902.0,2064.0,19.05,7589.613
2026-07-05 15:14:44.266,0 days 02:06:29.773000,1,348.0249945641784,0 days 00:00:19.210000,9217.86099209498,96.5551570299283,2,46.41636777244622,False,0,pos,1068.33799528953,0.1826771424081954,OnTrack,6049.0,4936.0,2064.0,19.21,7589.773
2026-07-05 15:14:44.387,0 days 02:06:29.894000,1,354.04138888888815,0 days 00:00:19.331000,9459.0,100.0,2,49.0,False,0,car,1071.7850000000003,0.18326655228891925,OnTrack,6073.120002579043,4972.477770992129,2064.531856849215,19.331,7589.894
2026-07-05 15:14:44.486,0 days 02:06:29.993000,1,358.8538919999993,0 days 00:00:19.430000,9731.8689264,102.4750016,2,52.093752,False,0,pos,1074.6956656585878,0.18376425253674425,OnTrack,6092.0,5002.0,2065.0,19.43,7589.993
2026-07-05 15:14:44.707,0 days 02:06:30.214000,1,369.5969444444438,0 days 00:00:19.651000,10341.0,108.0,2,59.0,False,0,car,1081.3850000000002,0.18490807451769983,OnTrack,6118.367198308723,5044.889210789687,2065.143121992623,19.651,7590.214
2026-07-05 15:14:44.866,0 days 02:06:30.373000,1,377.28193516444384,0 days 00:00:19.810000,10981.967976,110.9812464,2,63.968744,False,0,pos,1086.2861851136565,0.18574613746680768,OnTrack,6139.0,5088.0,2065.0,19.81,7590.373
2026-07-05 15:14:44.867,0 days 02:06:30.374000,1,377.33027777777716,0 days 00:00:19.811000,10986.0,111.0,2,64.0,False,0,car,1086.3183333333336,0.18575163455193433,OnTrack,6139.165175231494,5088.368937492893,2064.999520812952,19.811,7590.374
2026-07-05 15:14:45.067,0 days 02:06:30.574000,1,386.44138888888824,0 days 00:00:20.011000,11783.0,123.0,2,74.0,False,0,car,1093.1516666666669,0.1869200791939483,OnTrack,6178.151261153447,5179.52684123825,2064.993786903403,20.011,7590.574
2026-07-05 15:14:45.126,0 days 02:06:30.633000,1,388.93250270222154,0 days 00:00:20.070000,11659.233956654545,125.14545687272727,2,75.2068194909091,False,0,pos,1095.2917513295704,0.18728601633411796,OnTrack,6187.0,5201.0,2065.0,20.07,7590.633
2026-07-05 15:14:45.366,0 days 02:06:30.873000,1,399.0658360355546,0 days 00:00:20.310000,11155.7794112,133.8727296,2,80.1159104,False,0,pos,1104.5038901484163,0.18886121744305004,OnTrack,6205.0,5250.0,2065.0,20.31,7590.873
2026-07-05 15:14:45.507,0 days 02:06:31.014000,1,405.01916666666557,0 days 00:00:20.451000,10860.0,139.0,2,83.0,False,0,car,1110.1405555555557,0.18982504156409358,OnTrack,6220.935017907376,5297.695509950185,2065.0036241868065,20.451,7591.014
2026-07-05 15:14:45.646,0 days 02:06:31.153000,1,410.5405580977768,0 days 00:00:20.590000,11481.33028608,145.9500032,2,87.17000192,False,0,pos,1115.822518152123,0.19079661113756913,OnTrack,6239.0,5355.0,2065.0,20.59,7591.153
2026-07-05 15:14:45.707,0 days 02:06:31.214000,1,412.96361111111014,0 days 00:00:20.651000,11754.0,149.0,3,89.0,False,0,car,1118.4183333333335,0.19124047450441947,OnTrack,6246.159731617269,5379.701309951741,2064.991879202875,20.651,7591.214
2026-07-05 15:14:45.786,0 days 02:06:31.293000,1,415.70665999999903,0 days 00:00:20.730000,11593.0378912,152.9499904,3,91.17249472,False,0,pos,1121.9070500198532,0.19183701679513193,OnTrack,6255.0,5412.0,2065.0,20.73,7591.293
2026-07-05 15:14:46.046,0 days 02:06:31.553000,1,424.7344466666657,0 days 00:00:20.990000,11063.2873696,165.9500032,3,98.32250176,False,0,pos,1134.2264740153187,0.19394353849662463,OnTrack,6283.0,5526.0,2065.0,20.99,7591.553
2026-07-05 15:14:46.107,0 days 02:06:31.614000,1,426.85249999999905,0 days 00:00:21.051000,10939.0,169.0,3,100.0,False,0,car,1137.1961111111111,0.1944513223824741,OnTrack,6289.130995391386,5553.154781527937,2064.6996068626204,21.051,7591.614
2026-07-05 15:14:46.226,0 days 02:06:31.733000,1,430.6538827555545,0 days 00:00:21.170000,11166.88463232,174.9499904,3,100.0,False,0,pos,1143.0451105712402,0.19545145390642488,OnTrack,6301.0,5611.0,2064.0,21.17,7591.733
2026-07-05 15:14:46.307,0 days 02:06:31.814000,1,433.24138888888774,0 days 00:00:21.251000,11322.0,179.0,4,100.0,False,0,car,1147.1405555555557,0.19615174182085218,OnTrack,6309.549839745251,5659.809662510724,2063.8165274854405,21.251,7591.814
2026-07-05 15:14:46.506,0 days 02:06:32.013000,1,438.7138836088878,0 days 00:00:21.450000,11498.888718222222,188.39721315555556,4,100.0,False,0,pos,1157.7769340357388,0.19797047637386722,OnTrack,6328.0,5793.0,2064.0,21.45,7592.013
2026-07-05 15:14:46.667,0 days 02:06:32.174000,1,443.14138888888783,0 days 00:00:21.611000,11642.0,196.0,4,100.0,False,0,car,1166.7405555555556,0.1995031830379459,OnTrack,6332.854888961935,5879.481294235283,2064.0146521562333,21.611,7592.174
2026-07-05 15:14:46.746,0 days 02:06:32.253000,1,445.1383284799991,0 days 00:00:21.690000,11314.1507968,199.15999232,4,100.0,False,0,pos,1171.1905582123472,0.2002640974420351,OnTrack,6333.0,5921.0,2064.0,21.69,7592.253
2026-07-05 15:14:46.867,0 days 02:06:32.374000,1,448.1969444444437,0 days 00:00:21.811000,10812.0,204.0,5,100.0,False,0,car,1178.0738888888889,0.20144109122470077,OnTrack,6331.2723965058885,5988.716740089587,2063.9890997625284,21.811,7592.374
2026-07-05 15:14:46.906,0 days 02:06:32.413000,1,449.1177732444437,0 days 00:00:21.850000,10855.265412,204.7312464,5,100.0,False,0,pos,1180.3103820923343,0.20182351344428123,OnTrack,6330.0,6011.0,2064.0,21.85,7592.413
2026-07-05 15:14:47.066,0 days 02:06:32.573000,1,452.8955510222214,0 days 00:00:22.010000,11032.765412,207.7312464,5,100.0,False,0,pos,1189.5807067892322,0.2034086638669866,OnTrack,6321.0,6103.0,2064.0,22.01,7592.573
2026-07-05 15:14:47.187,0 days 02:06:32.694000,1,455.75249999999915,0 days 00:00:22.131000,11167.0,210.0,5,100.0,False,0,car,1196.7405555555556,0.20463294000288532,OnTrack,6311.758792539234,6173.029613014321,2063.4391868009093,22.131,7592.694
2026-07-05 15:14:47.266,0 days 02:06:32.773000,1,457.39832933333247,0 days 00:00:22.210000,11322.742478628572,212.82142171428572,5,100.0,False,0,pos,1201.4960007975783,0.20544608261460712,OnTrack,6304.0,6219.0,2063.0,22.21,7592.773
2026-07-05 15:14:47.467,0 days 02:06:32.974000,1,461.5858333333324,0 days 00:00:22.411000,11719.0,220.0,5,100.0,False,0,car,1213.8516666666667,0.2075588013828878,OnTrack,6276.196158014469,6336.974223445489,2062.2387367439155,22.411,7592.974
2026-07-05 15:14:47.606,0 days 02:06:33.113000,1,464.172778968888,0 days 00:00:22.550000,11890.819523555556,223.0888903111111,5,100.0,False,0,pos,1222.5657618473167,0.20904884106442398,OnTrack,6251.0,6419.0,2062.0,22.55,7593.113
2026-07-05 15:14:47.706,0 days 02:06:33.213000,1,466.03388531555464,0 days 00:00:22.650000,12014.430318222223,225.31110684444445,5,100.0,False,0,pos,1228.9134623068576,0.21013424641921322,OnTrack,6230.0,6478.0,2062.0,22.65,7593.213
2026-07-05 15:14:47.827,0 days 02:06:33.334000,1,468.28583333333245,0 days 00:00:22.771000,12164.0,228.0,5,100.0,False,0,car,1236.6516666666666,0.2114574166762417,OnTrack,6200.025894304309,6548.717435642881,2062.448204471382,22.771,7593.334
2026-07-05 15:14:47.966,0 days 02:06:33.473000,1,470.71833739069604,0 days 00:00:22.910000,11818.684958613283,231.49686117859966,5,100.0,False,0,pos,1245.607685796993,0.21298882339330583,OnTrack,6160.0,6629.0,2063.0,22.91,7593.473
2026-07-05 15:14:47.986,0 days 02:06:33.493000,1,471.0683333333327,0 days 00:00:22.930000,11769.0,232.0,5,100.0,False,0,car,1246.8983333333333,0.2132095136662666,OnTrack,6153.832301936151,6640.475613955742,2063.0210758771395,22.93,7593.493
2026-07-05 15:14:48.126,0 days 02:06:33.633000,1,473.47944885333266,0 days 00:00:23.070000,10809.1232448,232.8750016,5,100.0,False,0,pos,1255.9504912569193,0.21475735933814147,OnTrack,6108.0,6720.0,2063.0,23.07,7593.633
2026-07-05 15:14:48.146,0 days 02:06:33.653000,1,473.8238888888882,0 days 00:00:23.090000,10672.0,233.0,6,100.0,False,0,car,1257.253888888889,0.21498022977416417,OnTrack,6101.13293811933,6731.169638486114,2063.0407688416594,23.09,7593.653
2026-07-05 15:14:48.346,0 days 02:06:33.853000,1,476.9349999999993,0 days 00:00:23.290000,10842.833333333334,238.0,6,100.0,False,0,pos,1270.4904202519522,0.21724356940587455,OnTrack,6028.0,6840.0,2064.0,23.29,7593.853
2026-07-05 15:14:48.386,0 days 02:06:33.893000,1,477.5572222222215,0 days 00:00:23.330000,10877.0,239.0,6,100.0,False,0,car,1273.187222222222,0.21770470069554307,OnTrack,6012.265316123023,6861.166239714138,2064.170357027321,23.33,7593.893
2026-07-05 15:14:49.326,0 days 02:06:34.833000,1,485.65166887111036,0 days 00:00:24.270000,11575.907597748148,255.53704154074074,6,100.0,False,0,pos,1340.4836614703295,0.22921184662716307,OnTrack,5547.0,7310.0,2064.0,24.27,7594.833
2026-07-05 15:14:49.466,0 days 02:06:34.973000,1,486.8572222222215,0 days 00:00:24.410000,11680.0,258.0,6,100.0,False,0,car,1350.5872222222222,0.23093947366508674,OnTrack,5467.046075074878,7371.674831999077,2063.975334421766,24.41,7594.973
2026-07-05 15:14:49.626,0 days 02:06:35.133000,1,487.43499999999926,0 days 00:00:24.570000,11535.0,259.0,6,100.0,False,0,car,1362.0983333333334,0.23290778041163387,OnTrack,5374.047890008868,7441.747939253495,2063.996769039859,24.57,7595.133
2026-07-05 15:14:49.685,0 days 02:06:35.192000,1,487.25472202666595,0 days 00:00:24.629000,11287.410445714286,260.05357257142856,6,100.0,False,0,pos,1366.3800427215624,0.233639918030171,OnTrack,5340.0,7468.0,2064.0,24.629,7595.192
2026-07-05 15:14:49.765,0 days 02:06:35.272000,1,487.0102775822215,0 days 00:00:24.709000,10951.69616,261.482144,6,100.0,False,0,pos,1372.228287347426,0.23463992048357743,OnTrack,5294.0,7504.0,2064.0,24.709,7595.272
2026-07-05 15:14:49.906,0 days 02:06:35.413000,1,486.57944444444365,0 days 00:00:24.850000,10360.0,264.0,6,100.0,False,0,car,1382.6316666666667,0.23641881406763685,OnTrack,5212.195425444784,7568.808443144009,2063.9982569229464,24.85,7595.413
2026-07-05 15:14:50.005,0 days 02:06:35.512000,1,485.2319435733325,0 days 00:00:24.949000,10444.425054577778,265.6500010666667,6,100.0,False,0,pos,1389.9987550454275,0.23767852649837926,OnTrack,5156.0,7614.0,2064.0,24.949,7595.512
2026-07-05 15:14:50.245,0 days 02:06:35.752000,1,481.9652769066658,0 days 00:00:25.189000,10649.091721244444,269.6500010666667,6,100.0,False,0,pos,1408.0438713670744,0.24076409520284964,OnTrack,5018.0,7728.0,2064.0,25.189,7595.752
2026-07-05 15:14:50.266,0 days 02:06:35.773000,1,481.67944444444356,0 days 00:00:25.210000,10667.0,270.0,7,100.0,False,0,car,1409.6316666666667,0.2410355953360823,OnTrack,5003.324159926313,7740.325107035602,2063.994497103819,25.21,7595.773
2026-07-05 15:14:50.446,0 days 02:06:35.953000,1,477.779438897777,0 days 00:00:25.390000,10765.000139377778,272.00000284444445,7,100.0,False,0,pos,1423.2955246243903,0.24337200435363485,OnTrack,4870.0,7853.0,2064.0,25.39,7595.953
2026-07-05 15:14:50.626,0 days 02:06:36.133000,1,473.87944444444383,0 days 00:00:25.570000,10863.0,274.0,7,100.0,False,0,car,1437.0316666666665,0.24572077336406026,OnTrack,4787.119136510124,7923.3648774724925,2064.509108521174,25.57,7596.133
2026-07-05 15:14:50.827,0 days 02:06:36.334000,1,468.8544444444435,0 days 00:00:25.771000,10924.0,276.0,7,100.0,False,0,car,1452.4416666666666,0.24835575852505082,OnTrack,4710.256582812316,7989.348176871908,2065.1323871114646,25.771,7596.334
2026-07-05 15:14:50.906,0 days 02:06:36.413000,1,466.66000533333244,0 days 00:00:25.850000,10935.520805333334,276.9874976,7,100.0,False,0,pos,1458.5413529268058,0.24939875546094725,OnTrack,4649.0,8042.0,2065.0,25.85,7596.413
2026-07-05 15:14:51.067,0 days 02:06:36.574000,1,462.187777777777,0 days 00:00:26.011000,10959.0,279.0,7,100.0,False,0,car,1471.0416666666665,0.2515362078433132,OnTrack,4480.4125062349,8186.954743723915,2064.1563822707185,26.011,7596.574
2026-07-05 15:14:51.106,0 days 02:06:36.613000,1,461.00695025777696,0 days 00:00:26.050000,10972.1624352,279.3249984,7,100.0,False,0,pos,1474.0786268685513,0.2520555034349086,OnTrack,4449.0,8214.0,2064.0,26.05,7596.613
2026-07-05 15:14:51.307,0 days 02:06:36.814000,1,454.9211111111101,0 days 00:00:26.251000,11040.0,281.0,7,100.0,False,0,car,1489.775,0.2547394560814199,OnTrack,4390.489422998198,8264.745388244713,2063.9435408754052,26.251,7596.814
2026-07-05 15:14:51.386,0 days 02:06:36.893000,1,452.4413949155546,0 days 00:00:26.330000,11054.21996544,281.39499904,7,100.0,False,0,pos,1495.9570458604217,0.2557965358417556,OnTrack,4367.0,8285.0,2064.0,26.33,7596.893
2026-07-05 15:14:51.507,0 days 02:06:37.014000,1,448.6433333333325,0 days 00:00:26.451000,11076.0,282.0,7,100.0,False,0,car,1505.4416666666666,0.2574183291631104,OnTrack,4299.381483112716,8342.960010538007,2063.9996010960663,26.451,7597.014
2026-07-05 15:14:51.586,0 days 02:06:37.093000,1,446.01000639999927,0 days 00:00:26.530000,11123.3998848,282.39499904,7,100.0,False,0,pos,1511.64754708839,0.25847948444034097,OnTrack,4248.0,8387.0,2064.0,26.53,7597.093
2026-07-05 15:14:51.707,0 days 02:06:37.214000,1,441.976666666666,0 days 00:00:26.651000,11196.0,283.0,7,100.0,False,0,car,1521.1638888888888,0.26010670179473605,OnTrack,4173.164996792875,8451.270287358157,2064.0654949221143,26.651,7597.214
2026-07-05 15:14:51.846,0 days 02:06:37.353000,1,437.1116644266661,0 days 00:00:26.790000,11171.6749888,283.0,7,100.0,False,0,pos,1532.092393775939,0.2619753875967601,OnTrack,4093.0,8520.0,2064.0,26.79,7597.353
2026-07-05 15:14:51.947,0 days 02:06:37.454000,1,433.57666666666614,0 days 00:00:26.891000,11154.0,283.0,7,100.0,False,0,car,1540.0305555555553,0.2633327489526868,OnTrack,4038.6672818233865,8566.254915161822,2063.677392759158,26.891,7597.454
2026-07-05 15:14:52.126,0 days 02:06:37.633000,1,427.06305322666617,0 days 00:00:27.070000,11146.1687472,283.0,7,100.0,False,0,pos,1554.0938841682266,0.2657374642160562,OnTrack,3926.0,8663.0,2063.0,27.07,7597.633
2026-07-05 15:14:52.267,0 days 02:06:37.774000,1,421.93222222222175,0 days 00:00:27.211000,11140.0,283.0,7,100.0,False,0,car,1565.186111111111,0.2676341451632879,OnTrack,3794.433549593225,8778.281737291443,2062.97122687128,27.211,7597.774
2026-07-05 15:14:52.326,0 days 02:06:37.833000,1,419.68694200888837,0 days 00:00:27.270000,11148.8500096,283.2107145142857,7,100.0,False,0,pos,1569.8354279353348,0.2684291406753303,OnTrack,3748.0,8819.0,2063.0,27.27,7597.833
2026-07-05 15:14:52.547,0 days 02:06:38.054000,1,411.27666666666596,0 days 00:00:27.491000,11182.0,284.0,7,100.0,False,0,car,1587.2749999999999,0.2714111662174729,OnTrack,3664.073489574483,8891.85563340166,2063.0194497365173,27.491,7598.054
2026-07-05 15:14:52.606,0 days 02:06:38.113000,1,409.0313864533327,0 days 00:00:27.550000,11176.8374944,284.0,7,100.0,False,0,pos,1591.9290653822493,0.27220697369446883,OnTrack,3641.0,8912.0,2063.0,27.55,7598.113
2026-07-05 15:14:52.707,0 days 02:06:38.214000,1,405.1877777777772,0 days 00:00:27.651000,11168.0,284.0,7,100.0,False,0,car,1599.8972222222221,0.27356946396272147,OnTrack,3587.5923964423155,8958.9521024118,2062.9420297702254,27.651,7598.214
2026-07-05 15:14:52.846,0 days 02:06:38.353000,1,400.09110876444385,0 days 00:00:27.790000,11173.2125024,284.28958346666667,7,100.0,False,0,pos,1610.8784123448195,0.27544715851321205,OnTrack,3499.0,9037.0,2063.0,27.79,7598.353
2026-07-05 15:14:53.106,0 days 02:06:38.613000,1,390.55778481777713,0 days 00:00:28.050000,11182.9624928,284.8312496,7,100.0,False,0,pos,1631.4683947548679,0.27896787870240963,OnTrack,3344.0,9173.0,2064.0,28.05,7598.613
2026-07-05 15:14:53.187,0 days 02:06:38.694000,1,387.5877777777771,0 days 00:00:28.131000,11186.0,285.0,7,100.0,False,0,car,1637.8972222222221,0.2800671561183114,OnTrack,3301.3778955250427,9210.507159149824,2064.2337410484943,28.131,7598.694
2026-07-05 15:14:53.346,0 days 02:06:38.853000,1,382.0669511111104,0 days 00:00:28.290000,11209.282114742857,285.56785645714285,7,100.0,False,0,pos,1650.5360664726893,0.282228296095732,OnTrack,3202.0,9298.0,2064.0,28.29,7598.853
2026-07-05 15:14:53.467,0 days 02:06:38.974000,1,377.8655555555549,0 days 00:00:28.411000,11227.0,286.0,7,100.0,False,0,car,1660.1416666666667,0.28387077591231463,OnTrack,3080.785461407057,9404.395847723381,2062.637939177217,28.411,7598.974
2026-07-05 15:14:53.526,0 days 02:06:39.033000,1,375.91527566222163,0 days 00:00:28.470000,11218.5187408,285.6312496,7,100.0,False,0,pos,1664.8139337650816,0.28466969573531964,OnTrack,3023.0,9455.0,2062.0,28.47,7599.033
2026-07-05 15:14:53.627,0 days 02:06:39.134000,1,372.57666666666614,0 days 00:00:28.571000,11204.0,285.0,7,100.0,False,0,car,1672.8083333333334,0.28603667329751126,OnTrack,2941.400185719289,9526.199569463386,2061.3336296004995,28.571,7599.134
2026-07-05 15:14:53.886,0 days 02:06:39.393000,1,364.15916458666624,0 days 00:00:28.830000,11248.400010971429,285.92500022857143,7,100.0,False,0,pos,1693.384170919848,0.289554974836474,OnTrack,2795.0,9653.0,2061.0,28.83,7599.393
2026-07-05 15:14:53.907,0 days 02:06:39.414000,1,363.47666666666623,0 days 00:00:28.851000,11252.0,286.0,7,100.0,False,0,car,1695.0527777777777,0.28984029309151443,OnTrack,2783.2807555479394,9663.179861900075,2060.948546890534,28.851,7599.414
2026-07-05 15:14:54.187,0 days 02:06:39.694000,1,353.5988888888885,0 days 00:00:29.131000,11258.0,286.0,7,100.0,False,0,car,1717.2972222222222,0.29364391288551767,OnTrack,2621.1726145309763,9804.641265903534,2059.6745835688257,29.131,7599.694
2026-07-05 15:14:54.387,0 days 02:06:39.894000,1,346.0433333333333,0 days 00:00:29.331000,11268.0,287.0,7,100.0,False,0,car,1733.2416666666666,0.2963702837168836,OnTrack,2513.8282005812166,9898.543570544394,2058.296901484474,29.331,7599.894
2026-07-05 15:14:54.426,0 days 02:06:39.933000,1,344.4941742933333,0 days 00:00:29.370000,11269.36499328,287.0,7,100.0,False,0,pos,1736.3516144887833,0.2969020596002537,OnTrack,2495.0,9915.0,2058.0,29.37,7599.933
2026-07-05 15:14:54.587,0 days 02:06:40.094000,1,338.09888888888895,0 days 00:00:29.531000,11275.0,287.0,7,100.0,False,0,car,1749.186111111111,0.2990966545482495,OnTrack,2424.5408117230777,9976.529639395481,2056.6767135539667,29.531,7600.094
2026-07-05 15:14:54.766,0 days 02:06:40.273000,1,330.29249379470247,0 days 00:00:29.710000,11290.08657235677,287.0,7,100.0,False,0,pos,1763.446534110915,0.3015350713551237,OnTrack,2340.0,10051.0,2055.0,29.71,7600.273
2026-07-05 15:14:54.966,0 days 02:06:40.473000,1,321.57026775774807,0 days 00:00:29.910000,11306.943071756423,287.0,7,100.0,False,0,pos,1779.390413148585,0.30426134550651174,OnTrack,2219.0,10159.0,2053.0,29.91,7600.473
2026-07-05 15:14:55.026,0 days 02:06:40.533000,1,318.95361111111106,0 days 00:00:29.970000,11312.0,287.0,7,100.0,False,0,car,1784.1841666666664,0.30508103852309776,OnTrack,2186.2803885434996,10188.368982667384,2052.5407135812106,29.97,7600.533
2026-07-05 15:14:55.186,0 days 02:06:40.693000,1,311.8425,0 days 00:00:30.130000,11376.0,288.0,7,100.0,False,0,car,1796.9841666666664,0.3072697348281386,OnTrack,2103.4604066028087,10263.035433148845,2051.4352340959013,30.13,7600.693
2026-07-05 15:14:55.226,0 days 02:06:40.733000,1,310.00916666666666,0 days 00:00:30.170000,11365.5,288.0,7,100.0,False,0,pos,1800.1815342986768,0.30781645879079783,OnTrack,2078.0,10286.0,2051.0,30.17,7600.733
2026-07-05 15:14:55.426,0 days 02:06:40.933000,1,300.8425000000002,0 days 00:00:30.370000,11313.0,288.0,7,100.0,False,0,pos,1816.1841666666664,0.3105527792856998,OnTrack,1923.0,10425.0,2048.0,30.37,7600.933
2026-07-05 15:14:55.586,0 days 02:06:41.093000,1,293.46472222222224,0 days 00:00:30.530000,11325.0,288.0,7,88.0,False,0,car,1828.9841666666664,0.3127414755907406,OnTrack,1801.1781428391262,10530.435997064193,2046.139441337679,30.53,7601.093
2026-07-05 15:14:55.866,0 days 02:06:41.373000,1,281.72027777777816,0 days 00:00:30.810000,10497.0,267.0,7,0.0,True,0,pos,1849.7508333333328,0.31629240735647085,OnTrack,1619.0,10678.0,2044.0,30.81,7601.373
2026-07-05 15:14:56.026,0 days 02:06:41.533000,1,275.27583333333337,0 days 00:00:30.970000,10346.0,258.0,7,0.0,True,0,car,1861.2174999999995,0.3182531144630699,OnTrack,1541.221298577694,10733.81605172293,2042.7996054351356,30.97,7601.533
2026-07-05 15:14:56.245,0 days 02:06:41.752000,1,267.67166444444433,0 days 00:00:31.189000,11136.453356,240.2062448,7,0.0,True,0,pos,1875.57306749744,0.32070780020825834,OnTrack,1452.0,10789.0,2041.0,31.189,7601.752
2026-07-05 15:14:56.346,0 days 02:06:41.853000,1,264.16472222222205,0 days 00:00:31.290000,11501.0,232.0,6,0.0,True,0,car,1881.8397222222218,0.32177934739896896,OnTrack,1410.4180360614723,10812.599877043165,2040.0361817038015,31.29,7601.853
2026-07-05 15:14:56.546,0 days 02:06:42.053000,1,257.9424999999999,0 days 00:00:31.490000,10783.0,216.0,5,0.0,True,0,car,1893.8397222222218,0.32383125018494474,OnTrack,1324.0342142130878,10856.42871564375,2038.2406905570301,31.49,7602.053
2026-07-05 15:14:56.625,0 days 02:06:42.132000,1,255.682220391111,0 days 00:00:31.569000,11100.58025728,211.25999616000001,5,0.0,True,0,pos,1898.418144112865,0.3246141232376767,OnTrack,1285.0,10873.0,2038.0,31.569,7602.132
2026-07-05 15:14:56.745,0 days 02:06:42.252000,1,252.24888705777772,0 days 00:00:31.689000,11582.98025728,204.05999616,5,0.0,True,0,pos,1905.119022450012,0.32575991914838304,OnTrack,1221.0,10897.0,2038.0,31.689,7602.252
2026-07-05 15:14:56.746,0 days 02:06:42.253000,1,252.2202777777777,0 days 00:00:31.690000,11587.0,204.0,5,0.0,True,0,car,1905.1730555555553,0.3257691583716997,OnTrack,1220.4716028373246,10897.185070548136,2037.9969504598564,31.69,7602.253
2026-07-05 15:14:56.966,0 days 02:06:42.473000,1,247.4536055644445,0 days 00:00:31.910000,11093.3744256,188.1874816,5,0.0,True,0,pos,1916.3744667078652,0.32768450893422335,OnTrack,1110.0,10930.0,2036.0,31.91,7602.473
2026-07-05 15:14:57.066,0 days 02:06:42.573000,1,245.28694444444454,0 days 00:00:32.010000,10869.0,181.0,4,0.0,True,0,car,1921.261944444444,0.32852022803289677,OnTrack,1062.141540106039,10939.0804525995,2035.2988959693162,32.01,7602.573
2026-07-05 15:14:57.146,0 days 02:06:42.653000,1,243.7980565728741,0 days 00:00:32.090000,11058.323714056394,178.72242148503585,4,0.0,True,0,pos,1925.152243383468,0.32918543763550184,OnTrack,1024.0,10944.0,2035.0,32.09,7602.653
2026-07-05 15:14:57.326,0 days 02:06:42.833000,1,240.4480540973994,0 days 00:00:32.270000,11484.302676519168,173.59786253811527,4,0.0,True,0,pos,1933.780781514782,0.3306608477547136,OnTrack,937.0,10949.0,2035.0,32.27,7602.833
2026-07-05 15:14:57.347,0 days 02:06:42.854000,1,240.05722222222244,0 days 00:00:32.291000,11534.0,173.0,4,0.0,True,0,car,1934.765555555555,0.33082923613786525,OnTrack,926.8320822659581,10949.216293632417,2034.9825019894365,32.291,7602.854
2026-07-05 15:14:57.606,0 days 02:06:43.113000,1,236.459999111111,0 days 00:00:32.550000,11544.791669333334,165.08610915555556,4,2.1583338666666667,True,0,pos,1946.5209781840006,0.3328393181746678,OnTrack,804.0,10947.0,2034.0,32.55,7603.113
2026-07-05 15:14:57.707,0 days 02:06:43.214000,1,235.05722222222198,0 days 00:00:32.651000,11549.0,162.0,3,3.0,True,0,car,1950.9655555555553,0.3335993048989326,OnTrack,759.8561851336016,10943.932023518526,2033.2844002002084,32.651,7603.214
2026-07-05 15:14:57.766,0 days 02:06:43.273000,1,234.46722158222204,0 days 00:00:32.710000,11475.039205485715,160.5249984,3,3.632143542857143,True,0,pos,1953.5345841958863,0.3340385879842948,OnTrack,735.0,10941.0,2033.0,32.71,7603.273
2026-07-05 15:14:57.946,0 days 02:06:43.453000,1,232.6672241422222,0 days 00:00:32.890000,11249.396669257143,156.0250048,3,5.560712228571429,True,0,pos,1961.2691141436828,0.33536112994663625,OnTrack,662.0,10925.0,2033.0,32.89,7603.453
2026-07-05 15:14:57.987,0 days 02:06:43.494000,1,232.25722222222225,0 days 00:00:32.931000,11198.0,155.0,3,6.0,False,0,car,1963.0211111111105,0.33566070723484337,OnTrack,645.4530212799805,10919.822967031627,2032.9074015385472,32.931,7603.494
2026-07-05 15:14:58.147,0 days 02:06:43.654000,1,230.96833333333302,0 days 00:00:33.091000,10903.0,153.0,3,9.0,False,0,car,1969.8211111111107,0.3368234521468963,OnTrack,581.1662342786341,10894.79248731284,2032.1252911371625,33.091,7603.654
2026-07-05 15:14:58.186,0 days 02:06:43.693000,1,230.79500085333302,0 days 00:00:33.130000,10881.5501056,152.44285988571428,3,9.139285028571429,False,0,pos,1971.4595598625494,0.3371036136100426,OnTrack,566.0,10888.0,2032.0,33.13,7603.693
2026-07-05 15:14:58.426,0 days 02:06:43.933000,1,229.72833418666627,0 days 00:00:33.370000,10749.5501056,149.01428845714287,3,9.996427885714287,False,0,pos,1981.3691896438795,0.3387980800230676,OnTrack,479.0,10841.0,2032.0,33.37,7603.933
2026-07-05 15:14:58.427,0 days 02:06:43.934000,1,229.7238888888885,0 days 00:00:33.371000,10749.0,149.0,3,10.0,False,0,car,1981.4099999999996,0.33880505826335255,OnTrack,478.66705504289183,10840.78029422667,2032.0004144207796,33.371,7603.934
2026-07-05 15:14:58.587,0 days 02:06:44.094000,1,229.27944444444393,0 days 00:00:33.531000,10539.0,146.0,3,11.0,False,0,car,1987.8988888888885,0.33991460569576903,OnTrack,428.84202222997874,10802.739508986551,2032.003512164183,33.531,7604.094
2026-07-05 15:14:58.646,0 days 02:06:44.153000,1,229.24666663111054,0 days 00:00:33.590000,10532.50999296,145.70499968,3,15.13000448,False,0,pos,1990.280834455218,0.3403218990910686,OnTrack,412.0,10787.0,2032.0,33.59,7604.153
2026-07-05 15:14:58.787,0 days 02:06:44.294000,1,229.1683333333326,0 days 00:00:33.731000,10517.0,145.0,3,25.0,False,0,car,1995.954444444444,0.34129204043635464,OnTrack,374.73248189192003,10745.383300816598,2032.00809770351,33.731,7604.294
2026-07-05 15:14:58.826,0 days 02:06:44.333000,1,229.26583285333263,0 days 00:00:33.770000,10548.478416457143,144.86071497142856,3,28.482125714285715,False,0,pos,1997.5184466730418,0.34155947214719895,OnTrack,365.0,10733.0,2032.0,33.77,7604.333
2026-07-05 15:14:59.006,0 days 02:06:44.513000,1,229.71583349333264,0 days 00:00:33.950000,10693.764337371429,144.2178569142857,3,44.553577142857144,False,0,pos,2004.7141153834548,0.3427898732033535,OnTrack,323.0,10672.0,2032.0,33.95,7604.513
2026-07-05 15:14:59.067,0 days 02:06:44.574000,1,229.86833333333266,0 days 00:00:34.011000,10743.0,144.0,3,50.0,False,0,car,2007.1544444444442,0.3432071497032654,OnTrack,310.071218512778,10650.638693245097,2032.1677089322236,34.011,7604.574
2026-07-05 15:14:59.266,0 days 02:06:44.773000,1,230.7527769244438,0 days 00:00:34.210000,10943.98980608,144.99499904,3,53.97999616,False,0,pos,2015.1691313682306,0.3445775962389021,OnTrack,272.0,10579.0,2033.0,34.21,7604.773
2026-07-05 15:14:59.267,0 days 02:06:44.774000,1,230.75722222222157,0 days 00:00:34.211000,10945.0,145.0,3,54.0,False,0,car,2015.2099999999996,0.3445845844438509,OnTrack,271.81981866329454,10578.6302145083,2033.0021963888453,34.211,7604.774
2026-07-05 15:14:59.506,0 days 02:06:45.013000,1,232.35055427555469,0 days 00:00:34.450000,11280.142912581818,148.80226967272728,3,58.888632436363636,False,0,pos,2025.191554460453,0.34629134939433204,OnTrack,233.0,10488.0,2033.0,34.45,7605.013
2026-07-05 15:14:59.666,0 days 02:06:45.173000,1,233.4172209422212,0 days 00:00:34.610000,11504.506548945454,151.3477242181818,3,62.16135970909091,False,0,pos,2032.0277433162896,0.347460282307561,OnTrack,215.0,10426.0,2033.0,34.61,7605.173
2026-07-05 15:14:59.707,0 days 02:06:45.214000,1,233.6905555555545,0 days 00:00:34.651000,11562.0,152.0,3,63.0,False,0,car,2033.7877777777776,0.34776123394213937,OnTrack,211.30468349031105,10409.50611874908,2032.988531418606,34.651,7605.214
2026-07-05 15:14:59.886,0 days 02:06:45.393000,1,235.33138947555454,0 days 00:00:34.830000,11774.562576,154.9833344,3,74.187504,False,0,pos,2041.5184548165873,0.349083117088257,OnTrack,199.0,10331.0,2033.0,34.83,7605.393
2026-07-05 15:14:59.947,0 days 02:06:45.454000,1,235.89055555555456,0 days 00:00:34.891000,11847.0,156.0,3,78.0,False,0,car,2044.1877777777775,0.349539549689985,OnTrack,196.0561525439088,10299.765991462757,2033.1388403815845,34.891,7605.454
2026-07-05 15:15:00.107,0 days 02:06:45.614000,1,237.35722222222103,0 days 00:00:35.051000,11912.0,160.0,3,84.0,False,0,car,2051.2988888888885,0.35075549208167434,OnTrack,190.74276821546803,10209.343769516645,2033.7827615514602,35.051,7605.614
2026-07-05 15:15:00.166,0 days 02:06:45.673000,1,238.02916739555454,0 days 00:00:35.110000,11982.5542432,160.9833344,3,76.1333248,False,0,pos,2053.9622440446637,0.3512109042370225,OnTrack,189.0,10177.0,2034.0,35.11,7605.673
2026-07-05 15:15:00.347,0 days 02:06:45.854000,1,240.09055555555506,0 days 00:00:35.291000,12199.0,164.0,3,52.0,False,0,car,2062.2322222222215,0.35262500350889664,OnTrack,183.75725920157245,10084.998401297491,2034.4832951654219,35.291,7605.854
2026-07-05 15:15:00.586,0 days 02:06:46.093000,1,243.40999733333254,0 days 00:00:35.530000,11786.7253312,164.0,3,0.2167082666666648,False,0,pos,2073.1210036085663,0.3544868969141068,OnTrack,177.0,9983.0,2035.0,35.53,7606.093
2026-07-05 15:15:00.587,0 days 02:06:46.094000,1,243.4238888888881,0 days 00:00:35.531000,11785.0,164.0,3,0.0,True,0,car,2073.165555555555,0.354494514936119,OnTrack,176.97189674782803,9982.628047632206,2035.0027687336678,35.531,7606.094
2026-07-05 15:15:00.787,0 days 02:06:46.294000,1,246.9794444444433,0 days 00:00:35.731000,11205.0,156.0,3,0.0,True,0,car,2081.832222222222,0.35597644472599044,OnTrack,170.84500215278564,9916.207863938014,2035.6543548217905,35.731,7606.294
2026-07-05 15:15:00.886,0 days 02:06:46.393000,1,249.42694602666555,0 days 00:00:35.830000,10824.674754133333,152.69999786666668,3,0.5500003555555556,True,0,pos,2085.928672658816,0.3566769045646121,OnTrack,164.0,9881.0,2036.0,35.83,7606.393
2026-07-05 15:15:01.147,0 days 02:06:46.654000,1,255.87944444444338,0 days 00:00:36.091000,9822.0,144.0,3,2.0,True,0,car,2096.232222222222,0.3584387280691614,OnTrack,129.5771325796779,9771.838862328073,2036.8765026653964,36.091,7606.654
2026-07-05 15:15:01.186,0 days 02:06:46.693000,1,256.9519391644434,0 days 00:00:36.130000,9977.5117344,142.2937584,3,1.5125024,True,0,pos,2097.737309160762,0.3586960857426885,OnTrack,124.0,9758.0,2037.0,36.13,7606.693
2026-07-05 15:15:01.307,0 days 02:06:46.814000,1,260.27944444444347,0 days 00:00:36.251000,10460.0,137.0,3,0.0,True,0,car,2102.321111111111,0.35947987874204534,OnTrack,107.29213706135506,9722.840497929117,2037.3682203757992,36.251,7606.814
2026-07-05 15:15:01.466,0 days 02:06:46.973000,1,265.27027777777676,0 days 00:00:36.410000,11387.0,129.0,2,0.0,True,0,car,2108.0186111111107,0.36045410508563674,OnTrack,84.28258304628496,9685.960989512294,2037.9142385994078,36.41,7606.973
2026-07-05 15:15:01.486,0 days 02:06:46.993000,1,265.96473111111004,0 days 00:00:36.430000,11340.69940736,128.39999232,2,0.40000512,True,0,pos,2108.7167721745113,0.36057348497155767,OnTrack,81.0,9681.0,2038.0,36.43,7606.993
2026-07-05 15:15:01.666,0 days 02:06:47.173000,1,272.21472222222064,0 days 00:00:36.610000,10924.0,123.0,2,4.0,True,0,car,2114.851944444444,0.36162254972765073,OnTrack,45.34196963073757,9632.079169564857,2038.9016999803923,36.61,7607.173
2026-07-05 15:15:01.686,0 days 02:06:47.193000,1,272.96473182222064,0 days 00:00:36.630000,10867.29927424,122.4999936,2,4.0,True,0,pos,2115.518822685326,0.3617365805043485,OnTrack,40.0,9626.0,2039.0,36.63,7607.193
2026-07-05 15:15:01.866,0 days 02:06:47.373000,1,279.71472222222064,0 days 00:00:36.810000,10357.0,118.0,2,4.0,True,0,car,2121.4075,0.3627434966199894,OnTrack,-22.22374102761201,9565.951238303329,2039.7791396301109,36.81,7607.373
2026-07-05 15:15:01.946,0 days 02:06:47.453000,1,282.95916666666506,0 days 00:00:36.890000,10194.142857142857,116.85714285714286,2,3.7142857142857144,True,0,pos,2123.978037869543,0.3631830377713204,OnTrack,-51.0,9542.0,2040.0,36.89,7607.453
2026-07-05 15:15:02.146,0 days 02:06:47.653000,1,291.070277777776,0 days 00:00:37.090000,9787.0,114.0,2,3.0,True,0,car,2130.2741666666666,0.36425962478962703,OnTrack,-113.91858406578176,9499.429003635754,2040.1044479671982,37.09,7607.653
2026-07-05 15:15:02.386,0 days 02:06:47.893000,1,301.40361111110997,0 days 00:00:37.330000,9488.0,109.0,2,0.0,True,0,car,2137.540833333333,0.36550216592113455,OnTrack,-172.87115470616948,9471.768484178883,2039.9823836839805,37.33,7607.893
2026-07-05 15:15:02.406,0 days 02:06:47.913000,1,302.32028951110993,0 days 00:00:37.350000,9460.1663104,108.6666624,2,0.0,True,0,pos,2138.13442383732,0.3656036650885395,OnTrack,-177.0,9470.0,2040.0,37.35,7607.913
2026-07-05 15:15:02.626,0 days 02:06:48.133000,1,312.4036111111095,0 days 00:00:37.570000,9154.0,105.0,2,0.0,False,0,car,2144.540833333333,0.36669910921295373,OnTrack,-214.50807442331262,9455.82774864448,2040.4852645442588,37.57,7608.133
2026-07-05 15:15:02.825,0 days 02:06:48.332000,1,322.0219475377762,0 days 00:00:37.769000,9049.5249664,101.890624,2,4.9750016,False,0,pos,2150.1074319195573,0.3676509524752439,OnTrack,-253.0,9448.0,2041.0,37.769,7608.332
2026-07-05 15:15:02.946,0 days 02:06:48.453000,1,327.8702777777762,0 days 00:00:37.890000,8986.0,100.0,2,8.0,False,0,car,2153.4297222222217,0.3682190372025654,OnTrack,-285.70247087195867,9444.144974887504,2041.1825818062498,37.89,7608.453
2026-07-05 15:15:03.045,0 days 02:06:48.552000,1,332.82028097777646,0 days 00:00:37.989000,8940.95497088,99.00999936,2,8.99000064,False,0,pos,2156.1310359274858,0.36868093996236745,OnTrack,-313.0,9442.0,2041.0,37.989,7608.552
2026-07-05 15:15:03.146,0 days 02:06:48.653000,1,337.87027777777666,0 days 00:00:38.090000,8895.0,98.0,2,10.0,False,0,car,2158.874166666666,0.3691499930962025,OnTrack,-338.07298324339723,9441.257045427661,2040.328179198771,38.09,7608.653
2026-07-05 15:15:03.205,0 days 02:06:48.712000,1,340.88583660444345,0 days 00:00:38.149000,8877.932124342857,97.78928548571429,2,10.0,False,0,pos,2160.4720381078687,0.3694232161680221,OnTrack,-356.0,9443.0,2040.0,38.149,7608.712
2026-07-05 15:15:03.405,0 days 02:06:48.912000,1,351.10805882666597,0 days 00:00:38.349000,8820.074981485714,97.07499977142857,2,10.0,False,0,pos,2165.8571881875587,0.37034403320563986,OnTrack,-439.0,9462.0,2040.0,38.349,7608.912
2026-07-05 15:15:03.426,0 days 02:06:48.933000,1,352.18138888888825,0 days 00:00:38.370000,8814.0,97.0,2,10.0,False,0,car,2166.4186111111103,0.3704400319773854,OnTrack,-446.24108232344963,9463.966138942069,2040.0114792677537,38.37,7608.933
2026-07-05 15:15:03.666,0 days 02:06:49.173000,1,364.7147222222211,0 days 00:00:38.610000,8927.0,96.0,2,23.0,False,0,car,2172.8186111111104,0.3715343801299058,OnTrack,-490.9909521840861,9479.774420459296,2039.8336954657389,38.61,7609.173
2026-07-05 15:15:03.906,0 days 02:06:49.413000,1,377.24805009886757,0 days 00:00:38.850000,9140.877457903693,98.17686980054648,2,30.074826851776063,False,0,pos,2179.4057311918173,0.3726607243003358,OnTrack,-529.0,9510.0,2039.0,38.85,7609.413
2026-07-05 15:15:04.086,0 days 02:06:49.593000,1,386.6480593752355,0 days 00:00:39.030000,9301.285779467416,99.8095244729508,2,35.38095453709009,False,0,pos,2184.4718380659847,0.37352698753443203,OnTrack,-581.0,9552.0,2038.0,39.03,7609.593
2026-07-05 15:15:04.107,0 days 02:06:49.614000,1,387.7447222222213,0 days 00:00:39.051000,9320.0,100.0,2,36.0,False,0,car,2185.0686111111104,0.3736290308905894,OnTrack,-585.9007788040418,9556.26391453228,2037.8987856940569,39.051,7609.614
2026-07-05 15:15:04.366,0 days 02:06:49.873000,1,401.19833665777674,0 days 00:00:39.310000,9025.681745454545,102.94318254545455,2,38.94318254545455,False,0,pos,2192.5289813226495,0.37490469375904506,OnTrack,-624.0,9598.0,2037.0,39.31,7609.873
2026-07-05 15:15:04.547,0 days 02:06:50.054000,1,410.6002777777767,0 days 00:00:39.491000,8820.0,105.0,2,41.0,False,0,car,2197.901944444444,0.3758234269255913,OnTrack,-655.0635954129989,9639.389568889497,2036.4350822434776,39.491,7610.054
2026-07-05 15:15:04.646,0 days 02:06:50.153000,1,415.6602810488878,0 days 00:00:39.590000,8686.703485257143,107.12142994285715,2,42.41428662857143,False,0,pos,2200.9093808421608,0.3763376741858513,OnTrack,-672.0,9665.0,2036.0,39.59,7610.153
2026-07-05 15:15:04.806,0 days 02:06:50.313000,1,423.8380588266656,0 days 00:00:39.750000,8471.27491382857,110.55000137142858,2,44.70000091428572,False,0,pos,2205.8739122395277,0.3771865688362947,OnTrack,-696.0,9708.0,2035.0,39.75,7610.313
2026-07-05 15:15:04.827,0 days 02:06:50.334000,1,424.9113888888878,0 days 00:00:39.771000,8443.0,111.0,3,45.0,False,0,car,2206.535277777777,0.3772996569855016,OnTrack,-698.9585466242,9713.837356652379,2034.8470101676353,39.771,7610.334
2026-07-05 15:15:04.987,0 days 02:06:50.494000,1,432.955833333333,0 days 00:00:39.931000,8653.0,115.0,3,50.0,False,0,car,2211.646388888888,0.3781736155795283,OnTrack,-720.3176622111539,9759.91128220513,2033.557067994506,39.931,7610.494
2026-07-05 15:15:05.106,0 days 02:06:50.613000,1,438.87276823111057,0 days 00:00:40.050000,8879.595467733334,116.98333013333334,3,50.99166506666667,False,0,pos,2215.5221789814696,0.37883634428693047,OnTrack,-734.0,9796.0,2033.0,40.05,7610.613
2026-07-05 15:15:05.227,0 days 02:06:50.734000,1,444.8891666666659,0 days 00:00:40.171000,9110.0,119.0,3,52.0,False,0,car,2219.5797222222213,0.3795301513102567,OnTrack,-745.5935113826821,9834.292118770702,2033.0184300845274,40.171,7610.734
2026-07-05 15:15:05.266,0 days 02:06:50.773000,1,446.7416575466659,0 days 00:00:40.210000,9190.166272,120.083328,3,53.083328,False,0,pos,2220.924181602822,0.37976004297264715,OnTrack,-749.0,9847.0,2033.0,40.21,7610.773
2026-07-05 15:15:05.546,0 days 02:06:51.053000,1,460.0416575466658,0 days 00:00:40.490000,9765.721827555555,127.86110577777778,3,60.86110577777778,False,0,pos,2230.9886059200385,0.38148097799729197,OnTrack,-769.0,9943.0,2032.0,40.49,7611.053
2026-07-05 15:15:05.587,0 days 02:06:51.094000,1,461.9891666666658,0 days 00:00:40.531000,9850.0,129.0,3,62.0,False,0,car,2232.4797222222214,0.38173594680518064,OnTrack,-770.8828388557455,9957.51362212495,2031.9682678914323,40.531,7611.094
2026-07-05 15:15:05.726,0 days 02:06:51.233000,1,468.5144474488883,0 days 00:00:40.670000,10091.5126112,131.6062512,3,68.0812528,False,0,pos,2237.561103814001,0.38260482189224543,OnTrack,-775.0,10008.0,2032.0,40.67,7611.233
2026-07-05 15:15:05.747,0 days 02:06:51.254000,1,469.5002777777772,0 days 00:00:40.691000,10128.0,132.0,3,69.0,False,0,car,2238.346388888888,0.3827390992783244,OnTrack,-775.3197357877106,10015.939846084308,2031.9628011968052,40.691,7611.254
2026-07-05 15:15:06.006,0 days 02:06:51.513000,1,480.9394472711107,0 days 00:00:40.950000,10986.400212114286,141.2500022857143,3,75.4750016,False,0,pos,2248.5316501672155,0.38448069644439853,OnTrack,-774.0,10117.0,2031.0,40.95,7611.513
2026-07-05 15:15:06.027,0 days 02:06:51.534000,1,481.866944444444,0 days 00:00:40.971000,11056.0,142.0,3,76.0,False,0,car,2249.3908333333325,0.3846276098054168,OnTrack,-773.6671077547041,10124.77745464072,2030.9854838238102,40.971,7611.534
2026-07-05 15:15:06.166,0 days 02:06:51.673000,1,487.6200026488885,0 days 00:00:41.110000,11126.8031576,146.7781272,3,79.4750016,False,0,pos,2255.190230107591,0.38561925967192345,OnTrack,-769.0,10183.0,2031.0,41.11,7611.673
2026-07-05 15:15:06.346,0 days 02:06:51.853000,1,495.069992053333,0 days 00:00:41.290000,11218.4905272,152.9656184,3,83.9749952,False,0,pos,2262.947122119544,0.38694562536607685,OnTrack,-749.0,10311.0,2030.0,41.29,7611.853
2026-07-05 15:15:06.347,0 days 02:06:51.854000,1,495.11138888888854,0 days 00:00:41.291000,11219.0,153.0,3,84.0,False,0,car,2262.9908333333324,0.3869530996295227,OnTrack,-748.8834057399955,10311.660651928138,2029.9940851408765,41.291,7611.854
2026-07-05 15:15:06.547,0 days 02:06:52.054000,1,502.9447222222211,0 days 00:00:41.491000,10624.0,161.0,3,86.0,False,0,car,2271.9352777777767,0.3884825271690694,OnTrack,-728.2214748773638,10411.093805658382,2029.0449958199956,41.491,7612.054
2026-07-05 15:15:06.806,0 days 02:06:52.313000,1,511.93777999999907,0 days 00:00:41.750000,11194.609516,173.9500032,3,90.8562512,False,0,pos,2284.583554436774,0.3906452800119351,OnTrack,-699.0,10502.0,2028.0,41.75,7612.313
2026-07-05 15:15:06.867,0 days 02:06:52.374000,1,514.0558333333324,0 days 00:00:41.811000,11329.0,177.0,4,92.0,False,0,car,2287.66861111111,0.39117279971068203,OnTrack,-689.6405891555596,10529.007584154222,2027.6821914287616,41.811,7612.374
2026-07-05 15:15:06.986,0 days 02:06:52.493000,1,517.8902715911101,0 days 00:00:41.930000,11644.94449024,182.35499136,4,96.75999232,False,0,pos,2293.758641895064,0.39221414563837154,OnTrack,-669.0,10586.0,2027.0,41.93,7612.493
2026-07-05 15:15:07.067,0 days 02:06:52.574000,1,520.5002777777768,0 days 00:00:42.011000,11860.0,186.0,4,100.0,False,0,car,2298.0019444444433,0.39293971599860567,OnTrack,-653.5929865964213,10625.61194715197,2026.5103567178617,42.011,7612.574
2026-07-05 15:15:07.146,0 days 02:06:52.653000,1,522.8044388444434,0 days 00:00:42.090000,11684.9660504,188.9624928,4,100.0,False,0,pos,2302.242392558215,0.3936647982734751,OnTrack,-638.0,10664.0,2026.0,42.09,7612.653
2026-07-05 15:15:07.387,0 days 02:06:52.894000,1,529.8336111111103,0 days 00:00:42.331000,11151.0,198.0,4,100.0,False,0,car,2315.6019444444432,0.39594917341803676,OnTrack,-586.7186149585383,10780.682890699081,2024.2522454613031,42.331,7612.894
2026-07-05 15:15:07.426,0 days 02:06:52.933000,1,530.9277723911102,0 days 00:00:42.370000,11129.062608,198.9749952,4,100.0,False,0,pos,2317.775480199671,0.39632083042400096,OnTrack,-576.0,10803.0,2024.0,42.37,7612.933
2026-07-05 15:15:07.547,0 days 02:06:53.054000,1,534.3224999999989,0 days 00:00:42.491000,11061.0,202.0,5,100.0,False,0,car,2324.579722222221,0.39748430068754453,OnTrack,-537.4343729281717,10880.291481809556,2023.3169687195686,42.491,7613.054
2026-07-05 15:15:07.606,0 days 02:06:53.113000,1,535.7811126933321,0 days 00:00:42.550000,11132.0459104,204.7041696,5,100.0,False,0,pos,2327.984468940098,0.398066484793874,OnTrack,-520.0,10915.0,2023.0,42.55,7613.113
2026-07-05 15:15:07.787,0 days 02:06:53.294000,1,540.2558333333322,0 days 00:00:42.731000,11350.0,213.0,5,100.0,False,0,car,2338.779722222221,0.3999123856509492,OnTrack,-483.3842552024442,10989.845093503174,2021.992008678358,42.731,7613.294
2026-07-05 15:15:08.046,0 days 02:06:53.553000,1,545.6516705964923,0 days 00:00:42.990000,10744.367979966546,221.43860263712207,5,100.0,False,0,pos,2354.953788248425,0.4026780199125929,OnTrack,-408.0,11127.0,2021.0,42.99,7613.553
2026-07-05 15:15:08.186,0 days 02:06:53.693000,1,548.5683333333327,0 days 00:00:43.130000,10417.0,226.0,5,100.0,False,0,car,2363.8280555555543,0.4041954477301755,OnTrack,-321.6869126380674,11273.65332693901,2020.9942275088858,43.13,7613.693
2026-07-05 15:15:08.206,0 days 02:06:53.713000,1,548.9627828266661,0 days 00:00:43.150000,10444.6253536,226.3750048,5,100.0,False,0,pos,2365.0951061884284,0.40441210312380604,OnTrack,-312.0,11290.0,2021.0,43.15,7613.713
2026-07-05 15:15:08.346,0 days 02:06:53.853000,1,551.7238888888883,0 days 00:00:43.290000,10638.0,229.0,6,100.0,False,0,car,2374.005833333332,0.40593576527828085,OnTrack,-279.06959406154976,11344.903202439273,2021.0117387452547,43.29,7613.853
2026-07-05 15:15:08.486,0 days 02:06:53.993000,1,554.0961154488882,0 days 00:00:43.430000,10796.6669568,234.2500096,6,100.0,False,0,pos,2383.1664886752974,0.4075021631297427,OnTrack,-263.0,11367.0,2021.0,43.43,7613.993
2026-07-05 15:15:08.586,0 days 02:06:54.093000,1,555.7905555555549,0 days 00:00:43.530000,10910.0,238.0,6,100.0,False,0,car,2389.8724999999986,0.4086488367397377,OnTrack,-234.79944206433157,11406.385687865055,2020.9935832050685,43.53,7614.093
2026-07-05 15:15:08.846,0 days 02:06:54.353000,1,558.390558115555,0 days 00:00:43.790000,11192.2086112,245.5833408,6,100.0,False,0,pos,2407.921064737817,0.4117349950954371,OnTrack,-121.0,11562.0,2021.0,43.79,7614.353
2026-07-05 15:15:09.046,0 days 02:06:54.553000,1,560.390558115555,0 days 00:00:43.990000,11409.291944533334,251.41667413333334,6,100.0,False,0,pos,2422.0616368299557,0.41415291836803303,OnTrack,-34.0,11670.0,2021.0,43.99,7614.553
2026-07-05 15:15:09.066,0 days 02:06:54.573000,1,560.590555555555,0 days 00:00:44.010000,11431.0,252.0,6,100.0,False,0,car,2423.4724999999985,0.4143941645404698,OnTrack,-24.965487711084418,11680.600999218208,2020.9841174133676,44.01,7614.573
2026-07-05 15:15:09.226,0 days 02:06:54.733000,1,561.8349999999987,0 days 00:00:44.170000,11660.0,254.0,6,100.0,False,0,pos,2434.7613888888877,0.4163244730872767,OnTrack,49.0,11764.0,2021.0,44.17,7614.733
2026-07-05 15:15:09.386,0 days 02:06:54.893000,1,562.8127777777768,0 days 00:00:44.330000,11679.0,257.0,6,100.0,False,0,car,2446.1836111111097,0.41827758055392766,OnTrack,121.04726512221434,11840.491324448354,2022.3090592702404,44.33,7614.893
2026-07-05 15:15:09.465,0 days 02:06:54.972000,1,563.0102779377766,0 days 00:00:44.409000,11391.21405257143,258.6928585142857,6,100.0,False,0,pos,2451.905692861069,0.4192560101776212,OnTrack,168.0,11887.0,2023.0,44.409,7614.972
2026-07-05 15:15:09.665,0 days 02:06:55.172000,1,563.5102779377761,0 days 00:00:44.609000,10662.642624,262.9785728,6,100.0,False,0,pos,2466.565752747623,0.42176276165460386,OnTrack,328.0,12037.0,2024.0,44.609,7615.172
2026-07-05 15:15:09.666,0 days 02:06:55.173000,1,563.5127777777761,0 days 00:00:44.610000,10659.0,263.0,6,100.0,False,0,car,2466.6391666666655,0.42177531484002156,OnTrack,328.7682487494227,12037.6916944528,2024.002741929859,44.61,7615.173
2026-07-05 15:15:09.826,0 days 02:06:55.333000,1,563.7349999999988,0 days 00:00:44.770000,10637.0,265.0,7,100.0,False,0,car,2478.4169444444433,0.423789219426257,OnTrack,437.60867770394805,12131.180509484635,2024.176680510214,44.77,7615.333
2026-07-05 15:15:09.986,0 days 02:06:55.493000,1,563.7349999999988,0 days 00:00:44.930000,10678.0,269.0,7,100.0,False,0,car,2490.3724999999986,0.4258335225722847,OnTrack,527.095143793499,12200.453544261112,2024.0337721111064,44.93,7615.493
2026-07-05 15:15:10.025,0 days 02:06:55.532000,1,563.6808332444432,0 days 00:00:44.969000,10705.3000448,269.4875008,7,100.0,False,0,pos,2493.304864615125,0.42633493316589105,OnTrack,548.0,12216.0,2024.0,44.969,7615.532
2026-07-05 15:15:10.226,0 days 02:06:55.733000,1,563.4016666666653,0 days 00:00:45.170000,10846.0,272.0,7,100.0,False,0,car,2508.5058333333322,0.42893417567109254,OnTrack,650.3372839883855,12288.075590565682,2023.8383067720454,45.17,7615.733
2026-07-05 15:15:10.426,0 days 02:06:55.933000,1,562.9016666666657,0 days 00:00:45.370000,10982.0,275.0,7,100.0,False,0,car,2523.7836111111096,0.43154655190323754,OnTrack,748.1655767550417,12349.970835151735,2023.8549291885813,45.37,7615.933
2026-07-05 15:15:10.506,0 days 02:06:56.013000,1,562.6350001064438,0 days 00:00:45.450000,11012.6028983872,275.99792059958264,7,100.0,False,0,pos,2529.954137094601,0.4326016618579427,OnTrack,789.0,12374.0,2024.0,45.45,7616.013
2026-07-05 15:15:10.826,0 days 02:06:56.333000,1,561.5683338655563,0 days 00:00:45.770000,11135.014491936003,279.98960299791315,7,100.0,False,0,pos,2554.954607952572,0.43687653984162406,OnTrack,997.0,12478.0,2025.0,45.77,7616.333
2026-07-05 15:15:10.907,0 days 02:06:56.414000,1,561.2983333333318,0 days 00:00:45.851000,11166.0,281.0,7,100.0,False,0,car,2561.328333333332,0.43796639524710956,OnTrack,1087.0716767481076,12515.130144895635,2025.0602062515818,45.851,7616.414
2026-07-05 15:15:11.046,0 days 02:06:56.553000,1,560.7963886577763,0 days 00:00:45.990000,11210.016686933333,282.54444515555554,7,100.0,False,0,pos,2572.297627806354,0.4398420557378913,OnTrack,1245.0,12577.0,2025.0,45.99,7616.553
2026-07-05 15:15:11.267,0 days 02:06:56.774000,1,559.9983333333321,0 days 00:00:46.211000,11280.0,285.0,7,100.0,False,0,car,2589.828333333332,0.442839664363802,OnTrack,1357.4567468533808,12616.205828648732,2024.9220974322388,46.211,7616.774
2026-07-05 15:15:11.386,0 days 02:06:56.893000,1,559.4363897955542,0 days 00:00:46.330000,11319.7905608,286.1156232,7,100.0,False,0,pos,2599.3194862672617,0.444462574626073,OnTrack,1411.0,12631.0,2025.0,46.33,7616.893
2026-07-05 15:15:11.587,0 days 02:06:57.094000,1,558.4872222222207,0 days 00:00:46.531000,11387.0,288.0,7,100.0,False,0,car,2615.428333333332,0.4472170569738836,OnTrack,1558.271637609246,12671.37711114418,2025.4334048978078,46.531,7617.094
2026-07-05 15:15:11.726,0 days 02:06:57.233000,1,557.8308330311096,0 days 00:00:46.670000,11414.10501248,289.39000064,7,100.0,False,0,pos,2626.619306866221,0.4491306227880433,OnTrack,1674.0,12700.0,2026.0,46.67,7617.233
2026-07-05 15:15:11.787,0 days 02:06:57.294000,1,557.5427777777763,0 days 00:00:46.731000,11426.0,290.0,7,100.0,False,0,car,2631.5394444444432,0.4499719264550548,OnTrack,1722.9583488638527,12710.682275675823,2026.3263023150787,46.731,7617.294
2026-07-05 15:15:11.946,0 days 02:06:57.453000,1,556.8361119644431,0 days 00:00:46.890000,11448.25997312,290.79499904,7,100.0,False,0,pos,2644.385305557531,0.4521684646389051,OnTrack,1848.0,12735.0,2027.0,46.89,7617.453
2026-07-05 15:15:11.986,0 days 02:06:57.493000,1,556.6583341866655,0 days 00:00:46.930000,11453.85997312,290.99499904,7,100.0,False,0,pos,2647.625051258932,0.4527224349081182,OnTrack,1880.0,12741.0,2027.0,46.93,7617.493
2026-07-05 15:15:11.987,0 days 02:06:57.494000,1,556.6538888888876,0 days 00:00:46.931000,11454.0,291.0,7,100.0,False,0,car,2647.7061111111097,0.452736295486161,OnTrack,1880.8117013678298,12741.148234426188,2027.0006671250685,46.931,7617.494
2026-07-05 15:15:12.286,0 days 02:06:57.793000,1,555.2419441422211,0 days 00:00:47.230000,11563.3218984,292.8687504,7,100.0,False,0,pos,2672.036623712648,0.45689661603543724,OnTrack,2141.0,12780.0,2029.0,47.23,7617.793
2026-07-05 15:15:12.307,0 days 02:06:57.814000,1,555.1427777777767,0 days 00:00:47.251000,11571.0,293.0,7,100.0,False,0,car,2673.750555555554,0.45718968449572317,OnTrack,2158.453639681063,12782.27673083286,2029.1360744757533,47.251,7617.814
2026-07-05 15:15:12.466,0 days 02:06:57.973000,1,554.4802785777765,0 days 00:00:47.410000,11487.886464,293.7227264,7,100.0,False,0,pos,2686.7442633298115,0.4594115032609026,OnTrack,2286.0,12798.0,2030.0,47.41,7617.973
2026-07-05 15:15:12.626,0 days 02:06:58.133000,1,553.8136119111095,0 days 00:00:47.570000,11404.250100363637,294.44999912727275,7,100.0,False,0,pos,2699.8548076312127,0.4616533001257112,OnTrack,2417.0,12813.0,2031.0,47.57,7618.133
2026-07-05 15:15:12.747,0 days 02:06:58.254000,1,553.3094444444428,0 days 00:00:47.691000,11341.0,295.0,7,100.0,False,0,car,2709.80611111111,0.4633548924035856,OnTrack,2515.89662655865,12823.7879884666,2031.747639297945,47.691,7618.254
2026-07-05 15:15:12.907,0 days 02:06:58.414000,1,552.5538888888873,0 days 00:00:47.851000,10440.0,297.0,7,100.0,False,0,car,2723.00611111111,0.46561198546815896,OnTrack,2646.426336935293,12837.413241485447,2032.843607021237,47.851,7618.414
2026-07-05 15:15:12.926,0 days 02:06:58.433000,1,552.4799997511095,0 days 00:00:47.870000,10437.538628072727,297.0,7,100.0,False,0,pos,2724.573745426652,0.4658800382364466,OnTrack,2662.0,12839.0,2033.0,47.87,7618.433
2026-07-05 15:15:13.146,0 days 02:06:58.653000,1,551.62444519111,0 days 00:00:48.090000,10409.038661236364,297.0,7,100.0,False,0,pos,2742.7112623598837,0.46898140669694494,OnTrack,2843.0,12857.0,2035.0,48.09,7618.653
2026-07-05 15:15:13.306,0 days 02:06:58.813000,1,551.002222968888,0 days 00:00:48.250000,10388.311388509092,297.0,7,100.0,False,0,pos,2755.9164369914874,0.47123938458160197,OnTrack,2974.0,12870.0,2036.0,48.25,7618.813
2026-07-05 15:15:13.347,0 days 02:06:58.854000,1,550.842777777777,0 days 00:00:48.291000,10383.0,297.0,8,100.0,False,0,car,2759.3061111111097,0.4718189913957356,OnTrack,3007.648252631893,12873.360582261452,2036.217688584246,48.291,7618.854
2026-07-05 15:15:13.486,0 days 02:06:58.993000,1,550.3022219733323,0 days 00:00:48.430000,10381.2624992,297.57916693333334,8,100.0,False,0,pos,2770.8150158687454,0.47378692087371244,OnTrack,3122.0,12885.0,2037.0,48.43,7618.993
2026-07-05 15:15:13.587,0 days 02:06:59.094000,1,549.9094444444431,0 days 00:00:48.531000,10380.0,298.0,8,100.0,False,0,car,2779.1727777777764,0.4752160304525177,OnTrack,3205.080282986903,12893.930011458317,2037.8312887522345,48.531,7619.094
2026-07-05 15:15:13.766,0 days 02:06:59.273000,1,549.312777564443,0 days 00:00:48.710000,10406.104176,297.2541664,8,100.0,False,0,pos,2793.943642344158,0.4777417286321034,OnTrack,3352.0,12910.0,2039.0,48.71,7619.273
2026-07-05 15:15:13.827,0 days 02:06:59.334000,1,549.1094444444429,0 days 00:00:48.771000,10415.0,297.0,8,100.0,False,0,car,2798.9727777777766,0.4786016700493777,OnTrack,3401.8736587556973,12915.208503882386,2038.9228137875612,48.771,7619.334
2026-07-05 15:15:13.926,0 days 02:06:59.433000,1,548.8069442488874,0 days 00:00:48.870000,10405.374993777777,297.0,8,100.0,False,0,pos,2807.134584492733,0.47999727287746224,OnTrack,3483.0,12924.0,2039.0,48.87,7619.433
2026-07-05 15:15:14.006,0 days 02:06:59.513000,1,548.562499804443,0 days 00:00:48.950000,10397.597216,297.0,8,100.0,False,0,pos,2813.7297566590773,0.48112499388930485,OnTrack,3549.0,12932.0,2040.0,48.95,7619.513
2026-07-05 15:15:14.187,0 days 02:06:59.694000,1,548.009444444443,0 days 00:00:49.131000,10380.0,297.0,8,100.0,False,0,car,2828.6727777777764,0.4836801294446677,OnTrack,3695.683458493712,12947.6889242474,2040.8335678440217,49.131,7619.694
2026-07-05 15:15:14.246,0 days 02:06:59.753000,1,547.8291664711098,0 days 00:00:49.190000,10387.08000768,297.29500032,8,100.0,False,0,pos,2833.553189250992,0.48451464026955093,OnTrack,3746.0,12953.0,2041.0,49.19,7619.753
2026-07-05 15:15:14.387,0 days 02:06:59.894000,1,547.3983333333322,0 days 00:00:49.331000,10404.0,298.0,8,100.0,False,0,car,2845.228333333332,0.48651099532531944,OnTrack,3875.100080420883,12967.302860804077,2041.7029566697581,49.331,7619.894
2026-07-05 15:15:14.547,0 days 02:07:00.054000,1,546.9094444444436,0 days 00:00:49.491000,10402.0,298.0,8,100.0,False,0,car,2858.472777777776,0.4887756880298408,OnTrack,4025.252128646474,12984.918480525814,2042.7290247469732,49.491,7620.054
2026-07-05 15:15:14.606,0 days 02:07:00.113000,1,546.7127774698068,0 days 00:00:49.550000,10387.36087933155,297.8521300942581,8,100.0,False,0,pos,2863.350407260234,0.48960972315684187,OnTrack,4075.0,12991.0,2043.0,49.55,7620.113
2026-07-05 15:15:14.926,0 days 02:07:00.433000,1,545.6461102898568,0 days 00:00:49.870000,10307.962344884136,297.05012469579935,8,100.0,False,0,pos,2889.743202995983,0.49412267741516447,OnTrack,4304.0,13021.0,2044.0,49.87,7620.433
2026-07-05 15:15:14.946,0 days 02:07:00.453000,1,545.5794444444437,0 days 00:00:49.890000,10303.0,297.0,8,100.0,False,0,car,2891.390277777776,0.4944043138596205,OnTrack,4318.385510895838,13022.912703448263,2044.1308053143932,49.89,7620.453
2026-07-05 15:15:15.146,0 days 02:07:00.653000,1,544.9683333333323,0 days 00:00:50.090000,10327.0,296.0,8,100.0,False,0,car,2907.834722222221,0.4972161806404022,OnTrack,4479.634177204916,13044.290805812503,2045.8547486902708,50.09,7620.653
2026-07-05 15:15:15.166,0 days 02:07:00.673000,1,544.9127770666657,0 days 00:00:50.110000,10321.4165952,295.8333312,8,100.0,False,0,pos,2909.4734592136524,0.4974963913902522,OnTrack,4500.0,13047.0,2046.0,50.11,7620.673
2026-07-05 15:15:15.366,0 days 02:07:00.873000,1,544.3572215111107,0 days 00:00:50.310000,10265.583261866666,294.16666453333335,8,100.0,False,0,pos,2925.804079432452,0.5002887951505579,OnTrack,4727.0,13077.0,2047.0,50.31,7620.873
2026-07-05 15:15:15.386,0 days 02:07:00.893000,1,544.3016666666663,0 days 00:00:50.330000,10260.0,294.0,8,100.0,False,0,car,2927.4347222222204,0.5005676218574958,OnTrack,4744.957662846459,13079.271323029363,2047.080031253208,50.33,7620.893
2026-07-05 15:15:15.666,0 days 02:07:01.173000,1,543.6016666666666,0 days 00:00:50.610000,10186.111111111111,292.44444444444446,8,100.0,False,0,pos,2950.2072242320087,0.5044615352172894,OnTrack,4905.0,13096.0,2048.0,50.61,7621.173
2026-07-05 15:15:15.746,0 days 02:07:01.253000,1,543.4016666666666,0 days 00:00:50.690000,10165.0,292.0,8,100.0,False,0,car,2956.6347222222203,0.5055605853033701,OnTrack,4959.467722392063,13100.634242673314,2048.1793819661443,50.69,7621.253
2026-07-05 15:15:16.045,0 days 02:07:01.552000,1,543.318611093333,0 days 00:00:50.989000,10917.9365248,285.8840896,8,32.045440000000006,False,0,pos,2980.2300691490273,0.5095951984779684,OnTrack,5210.0,13115.0,2049.0,50.989,7621.552
2026-07-05 15:15:16.186,0 days 02:07:01.693000,1,543.2794444444439,0 days 00:00:51.130000,11273.0,283.0,8,0.0,False,0,car,2991.2236111111097,0.5114750050929466,OnTrack,5319.376654453845,13111.549430760553,2049.8729313502195,51.13,7621.693
2026-07-05 15:15:16.225,0 days 02:07:01.732000,1,543.3119444977774,0 days 00:00:51.169000,11182.3248512,282.18749866666667,8,0.16250026666666667,False,0,pos,2994.2565563704366,0.5119936141618904,OnTrack,5349.0,13109.0,2050.0,51.169,7621.732
2026-07-05 15:15:16.385,0 days 02:07:01.892000,1,543.4452778311112,0 days 00:00:51.329000,10810.3248512,278.85416533333336,8,0.8291669333333334,False,0,pos,3006.6304584598884,0.5141094511761187,OnTrack,5470.0,13091.0,2050.0,51.329,7621.892
2026-07-05 15:15:16.426,0 days 02:07:01.933000,1,543.4794444444447,0 days 00:00:51.370000,10715.0,278.0,7,1.0,False,0,car,3009.7569444444425,0.514644054951287,OnTrack,5500.962611167891,13084.708370889486,2050.175039966986,51.37,7621.933
2026-07-05 15:15:16.545,0 days 02:07:02.052000,1,543.843055751111,0 days 00:00:51.489000,10586.083264,273.5374976,7,1.9916672,False,0,pos,3018.708194367768,0.5161746461725901,OnTrack,5590.0,13063.0,2051.0,51.489,7622.052
2026-07-05 15:15:16.666,0 days 02:07:02.173000,1,544.2127777777773,0 days 00:00:51.610000,10455.0,269.0,7,3.0,False,0,car,3027.690277777776,0.5177105096703285,OnTrack,5677.04815863232,13036.287733439633,2051.4216470768724,51.61,7622.173
2026-07-05 15:15:16.846,0 days 02:07:02.353000,1,544.9627788444442,0 days 00:00:51.790000,10998.215058285714,265.7857097142857,7,1.0714258285714284,False,0,pos,3040.953800727504,0.5199784646446952,OnTrack,5798.0,12989.0,2052.0,51.79,7622.353
2026-07-05 15:15:16.946,0 days 02:07:02.453000,1,545.3794444444443,0 days 00:00:51.890000,11300.0,264.0,7,0.0,False,0,car,3048.223611111109,0.5212215433263314,OnTrack,5861.632096663607,12958.034273317904,2052.844905182614,51.89,7622.453
2026-07-05 15:15:16.966,0 days 02:07:02.473000,1,545.5016681475987,0 days 00:00:51.910000,11305.551668690674,263.43059808300774,7,1.138803833984569,False,0,pos,3049.6663771719063,0.5214682446346366,OnTrack,5876.0,12950.0,2053.0,51.91,7622.473
2026-07-05 15:15:17.226,0 days 02:07:02.733000,1,547.0905543863987,0 days 00:00:52.170000,11377.72236682315,256.0284751976255,7,15.943049604749024,False,0,pos,3068.1354393192646,0.5246263046408469,OnTrack,6101.0,12800.0,2054.0,52.17,7622.733
2026-07-05 15:15:17.227,0 days 02:07:02.734000,1,547.0966666666668,0 days 00:00:52.171000,11378.0,256.0,6,16.0,False,0,car,3068.205833333331,0.5246383414469785,OnTrack,6101.688732886378,12799.50546389167,2054.002283977417,52.171,7622.734
2026-07-05 15:15:17.626,0 days 02:07:03.133000,1,549.7566653866672,0 days 00:00:52.570000,11486.818129454545,252.37272901818181,6,92.17269061818182,False,0,pos,3096.1170866802167,0.5294109396555243,OnTrack,6246.0,12670.0,2055.0,52.57,7623.133
2026-07-05 15:15:17.667,0 days 02:07:03.174000,1,550.0300000000007,0 days 00:00:52.611000,11498.0,252.0,6,100.0,False,0,car,3099.005833333331,0.5299048919309829,OnTrack,6262.568373963521,12651.404500019364,2055.2142186902715,52.611,7623.174
2026-07-05 15:15:17.826,0 days 02:07:03.333000,1,550.7808324266674,0 days 00:00:52.770000,11561.1030488,253.9874976,6,100.0,False,0,pos,3110.2819521965102,0.5318330169068456,OnTrack,6335.0,12565.0,2056.0,52.77,7623.333
2026-07-05 15:15:17.966,0 days 02:07:03.473000,1,551.4419447466676,0 days 00:00:52.910000,11616.6656504,255.7375008,6,100.0,False,0,pos,3120.2638984748646,0.5335398488550135,OnTrack,6391.0,12483.0,2056.0,52.91,7623.473
2026-07-05 15:15:17.987,0 days 02:07:03.494000,1,551.5411111111121,0 days 00:00:52.931000,11625.0,256.0,6,100.0,False,0,car,3121.7613888888864,0.5337959075843888,OnTrack,6398.78291873408,12470.541780346297,2056.021400809703,52.931,7623.494
2026-07-05 15:15:18.226,0 days 02:07:03.733000,1,552.470554808889,0 days 00:00:53.170000,11722.591588266667,256.9958325333333,6,100.0,False,0,pos,3138.8231148917857,0.5367133245109641,OnTrack,6481.0,12319.0,2057.0,53.17,7623.733
2026-07-05 15:15:18.227,0 days 02:07:03.734000,1,552.4744444444445,0 days 00:00:53.171000,11723.0,257.0,6,100.0,False,0,car,3138.89472222222,0.5367255687843653,OnTrack,6481.347724624009,12318.268610028357,2057.0056793065683,53.171,7623.734
2026-07-05 15:15:18.507,0 days 02:07:04.014000,1,553.2522222222224,0 days 00:00:53.451000,11760.0,259.0,6,100.0,False,0,car,3159.0391666666646,0.5401701055908228,OnTrack,6576.813067315756,12092.619305546219,2058.8681345394075,53.451,7624.014
2026-07-05 15:15:18.526,0 days 02:07:04.033000,1,553.2786112000001,0 days 00:00:53.470000,11725.935599542858,259.2035721142857,6,100.0,False,0,pos,3160.4146872775395,0.5404053084719578,OnTrack,6582.0,12079.0,2059.0,53.47,7624.033
2026-07-05 15:15:18.787,0 days 02:07:04.294000,1,553.6411111111115,0 days 00:00:53.731000,11258.0,262.0,6,100.0,False,0,car,3179.4169444444424,0.5436545405070076,OnTrack,6631.604969048252,11929.290035397118,2060.705958827415,53.731,7624.294
2026-07-05 15:15:18.906,0 days 02:07:04.413000,1,553.674166613334,0 days 00:00:53.850000,10874.2256192,263.18999808,6,100.0,False,0,pos,3188.131193428788,0.5451446064877296,OnTrack,6654.0,11856.0,2061.0,53.85,7624.413
2026-07-05 15:15:18.966,0 days 02:07:04.473000,1,553.690833351112,0 days 00:00:53.910000,10680.7247936,263.79000064,6,100.0,False,0,pos,3192.5385364268504,0.5458982264357692,OnTrack,6667.0,11814.0,2061.0,53.91,7624.473
2026-07-05 15:15:18.987,0 days 02:07:04.494000,1,553.6966666666676,0 days 00:00:53.931000,10613.0,264.0,6,100.0,False,0,car,3194.083611111109,0.5461624216898667,OnTrack,6671.47887429462,11799.110353376158,2061.0185873248406,53.931,7624.494
2026-07-05 15:15:19.227,0 days 02:07:04.734000,1,553.4966666666669,0 days 00:00:54.171000,10521.0,266.0,7,100.0,False,0,car,3211.8169444444425,0.5491946780291421,OnTrack,6717.223475885998,11627.67833485379,2062.2127506425254,54.171,7624.734
2026-07-05 15:15:19.346,0 days 02:07:04.853000,1,553.2983336533338,0 days 00:00:54.290000,10555.9561936,266.7437488,7,100.0,False,0,pos,3220.633642301406,0.5507022619371263,OnTrack,6738.0,11542.0,2063.0,54.29,7624.853
2026-07-05 15:15:19.387,0 days 02:07:04.894000,1,553.2300000000005,0 days 00:00:54.331000,10568.0,267.0,7,100.0,False,0,car,3223.6836111111093,0.5512237818952738,OnTrack,6745.022201002763,11512.392513155815,2063.260138632684,54.331,7624.894
2026-07-05 15:15:19.506,0 days 02:07:05.013000,1,551.9408354133338,0 days 00:00:54.450000,10599.058949888,267.951998464,7,100.0,False,0,pos,3232.586889015964,0.5527461702900478,OnTrack,6765.0,11426.0,2064.0,54.45,7625.013
2026-07-05 15:15:20.326,0 days 02:07:05.833000,1,543.0574993066674,0 days 00:00:55.270000,10813.079016704,274.512000512,7,100.0,False,0,pos,3295.391848341004,0.5634853095410597,OnTrack,6882.0,10806.0,2069.0,55.27,7625.833
2026-07-05 15:15:20.387,0 days 02:07:05.894000,1,542.3966666666674,0 days 00:00:55.331000,10829.0,275.0,7,100.0,False,0,car,3300.072499999998,0.564285663055999,OnTrack,6888.614470626471,10759.859271095313,2069.223415163751,55.331,7625.894
2026-07-05 15:15:20.626,0 days 02:07:06.133000,1,539.2100025600014,0 days 00:00:55.570000,10892.733282133333,275.9958325333333,7,100.0,False,0,pos,3318.395701676719,0.5674187821033708,OnTrack,6912.0,10579.0,2070.0,55.57,7626.133
2026-07-05 15:15:20.627,0 days 02:07:06.134000,1,539.1966666666681,0 days 00:00:55.571000,10893.0,276.0,7,100.0,False,0,car,3318.4724999999976,0.5674319139944951,OnTrack,6912.093035381495,10578.236834472396,2070.0039755223797,55.571,7626.134
2026-07-05 15:15:20.806,0 days 02:07:06.313000,1,536.7105546666676,0 days 00:00:55.750000,10926.11501184,276.89500032,7,100.0,False,0,pos,3332.2426345545814,0.5697864954491462,OnTrack,6928.0,10441.0,2071.0,55.75,7626.313
2026-07-05 15:15:20.827,0 days 02:07:06.334000,1,536.4188888888898,0 days 00:00:55.771000,10930.0,277.0,7,100.0,False,0,car,3333.8613888888867,0.5700632893265104,OnTrack,6929.709729712486,10424.921026850798,2071.195349609724,55.771,7626.334
2026-07-05 15:15:20.987,0 days 02:07:06.494000,1,534.1077777777791,0 days 00:00:55.931000,10920.0,278.0,7,100.0,False,0,car,3346.216944444442,0.5721759892320706,OnTrack,6941.6580103654715,10302.588122188441,2072.9001705203445,55.931,7626.494
2026-07-05 15:15:21.006,0 days 02:07:06.513000,1,533.8174990222235,0 days 00:00:55.950000,10924.2750144,278.07916693333334,7,100.0,False,0,pos,3347.6867688392854,0.5724273172962935,OnTrack,6943.0,10288.0,2073.0,55.95,7626.513
2026-07-05 15:15:21.186,0 days 02:07:06.693000,1,531.067502933334,0 days 00:00:56.130000,10964.7749568,278.82916586666664,7,100.0,False,0,pos,3361.6358222909917,0.5748124924329002,OnTrack,6955.0,10149.0,2073.0,56.13,7626.693
2026-07-05 15:15:21.227,0 days 02:07:06.734000,1,530.4411111111117,0 days 00:00:56.171000,10974.0,279.0,7,100.0,False,0,car,3364.8169444444425,0.575356438550333,OnTrack,6957.483040347697,10117.253119858324,2073.1843375804224,56.171,7626.734
2026-07-05 15:15:21.346,0 days 02:07:06.853000,1,528.2594470102775,0 days 00:00:56.290000,10980.234616813317,279.2710702962312,7,100.0,False,0,pos,3374.0556787772994,0.5769361872767063,OnTrack,6964.0,10025.0,2074.0,56.29,7626.853
2026-07-05 15:15:21.606,0 days 02:07:07.113000,1,523.4927735655364,0 days 00:00:56.550000,10993.856504064803,279.8633262636871,7,100.0,False,0,pos,3394.2813416731515,0.5803946117803901,OnTrack,6974.0,9823.0,2074.0,56.55,7627.113
2026-07-05 15:15:21.666,0 days 02:07:07.173000,1,522.3927777777781,0 days 00:00:56.610000,10997.0,280.0,7,100.0,False,0,car,3398.961388888887,0.5811948619404289,OnTrack,6975.764265162887,9776.513698729743,2074.2380840160076,56.61,7627.173
2026-07-05 15:15:21.806,0 days 02:07:07.313000,1,519.6316616177779,0 days 00:00:56.750000,11030.8333952,280.5833344,7,100.0,False,0,pos,3409.9002752497863,0.5830653228903792,OnTrack,6979.0,9668.0,2075.0,56.75,7627.313
2026-07-05 15:15:21.906,0 days 02:07:07.413000,1,517.6594444444445,0 days 00:00:56.850000,11055.0,281.0,7,100.0,False,0,car,3417.6947222222207,0.5843981101785356,OnTrack,6980.260609216059,9589.977235719633,2075.0978117002983,56.85,7627.413
2026-07-05 15:15:21.966,0 days 02:07:07.473000,1,516.4094391111114,0 days 00:00:56.910000,11035.4999168,280.2499968,7,100.0,False,0,pos,3422.35303532859,0.5851946439819445,OnTrack,6981.0,9543.0,2075.0,56.91,7627.473
2026-07-05 15:15:22.066,0 days 02:07:07.573000,1,514.3261111111119,0 days 00:00:57.010000,11003.0,279.0,7,100.0,False,0,car,3430.0947222222203,0.5865184097240438,OnTrack,6982.676779202826,9464.498641672992,2074.624276271137,57.01,7627.573
2026-07-05 15:15:22.226,0 days 02:07:07.733000,1,510.59277777777856,0 days 00:00:57.170000,10972.333333333334,278.55555555555554,7,100.0,False,0,pos,3442.4563652182546,0.5886321505326104,OnTrack,6986.0,9342.0,2074.0,57.17,7627.733
2026-07-05 15:15:22.426,0 days 02:07:07.933000,1,505.9261111111118,0 days 00:00:57.370000,10934.0,278.0,7,100.0,False,0,car,3457.8947222222205,0.5912719845115544,OnTrack,6991.0772702964005,9191.013493640417,2074.0746229367874,57.37,7627.933
2026-07-05 15:15:22.446,0 days 02:07:07.953000,1,505.44277159111186,0 days 00:00:57.390000,10933.785711542858,278.0,7,100.0,False,0,pos,3459.4398156976745,0.5915361829787942,OnTrack,6992.0,9172.0,2074.0,57.39,7627.953
2026-07-05 15:15:22.665,0 days 02:07:08.172000,1,500.150276231112,0 days 00:00:57.609000,10931.439285028571,278.0,7,100.0,False,0,pos,3476.358563096525,0.5944291517223709,OnTrack,7008.0,8922.0,2072.0,57.609,7628.172
2026-07-05 15:15:22.706,0 days 02:07:08.213000,1,499.1594444444454,0 days 00:00:57.650000,10931.0,278.0,7,100.0,False,0,car,3479.5169444444427,0.5949692093462847,OnTrack,7011.714732418825,8879.856827240863,2071.644970187095,57.65,7628.213
2026-07-05 15:15:23.066,0 days 02:07:08.573000,1,490.9594444444456,0 days 00:00:58.010000,10873.0,276.0,7,100.0,False,0,car,3507.1169444444427,0.599688585754029,OnTrack,7048.4196390527395,8623.041810606623,2070.03354923319,58.01,7628.573
2026-07-05 15:15:23.105,0 days 02:07:08.612000,1,490.17944316444556,0 days 00:00:58.049000,10870.0749952,276.0,7,100.0,False,0,pos,3510.1048705026383,0.6001994969042874,OnTrack,7052.0,8603.0,2070.0,58.049,7628.612
2026-07-05 15:15:23.386,0 days 02:07:08.893000,1,484.5594444444456,0 days 00:00:58.330000,10849.0,276.0,7,100.0,False,0,pos,3531.64799457048,0.6038831965954062,OnTrack,7079.0,8468.0,2070.0,58.33,7628.893
2026-07-05 15:15:23.466,0 days 02:07:08.973000,1,482.9594444444456,0 days 00:00:58.410000,10843.0,276.0,7,100.0,False,0,car,3537.783611111109,0.6049323373181892,OnTrack,7091.746489926865,8411.00134794556,2069.629152886437,58.41,7628.973
2026-07-05 15:15:23.566,0 days 02:07:09.073000,1,481.1261081690253,0 days 00:00:58.510000,10833.049735275874,276.0,7,100.0,False,0,pos,3545.4539556128507,0.6062439040892323,OnTrack,7110.0,8333.0,2069.0,58.51,7629.073
2026-07-05 15:15:23.667,0 days 02:07:09.174000,1,479.2744444444452,0 days 00:00:58.611000,10823.0,276.0,7,100.0,False,0,car,3553.193611111109,0.6075673224791798,OnTrack,7128.593289256463,8259.287883560628,2068.3941580424994,58.611,7629.174
2026-07-05 15:15:23.866,0 days 02:07:09.373000,1,476.0130587022233,0 days 00:00:58.810000,10793.1500288,275.17083413333336,7,100.0,False,0,pos,3568.3991474541845,0.6101673460112308,OnTrack,7171.0,8111.0,2067.0,58.81,7629.373
2026-07-05 15:15:23.907,0 days 02:07:09.414000,1,475.34111111111224,0 days 00:00:58.851000,10787.0,275.0,7,100.0,False,0,car,3571.5269444444425,0.6107021739577538,OnTrack,7182.035339116187,8075.360138929414,2066.6062320443566,58.851,7629.414
2026-07-05 15:15:24.146,0 days 02:07:09.653000,1,472.22083584000103,0 days 00:00:59.090000,10781.7718792,274.2531256,7,100.0,False,0,pos,3589.730514648868,0.6138148369925176,OnTrack,7251.0,7865.0,2064.0,59.09,7629.653
2026-07-05 15:15:24.227,0 days 02:07:09.734000,1,471.1633333333343,0 days 00:00:59.171000,10780.0,274.0,7,100.0,False,0,car,3595.882499999998,0.6148667766492898,OnTrack,7267.13713663591,7819.288231577646,2063.3465630925093,59.171,7629.734
2026-07-05 15:15:24.387,0 days 02:07:09.894000,1,469.16333333333387,0 days 00:00:59.331000,10779.0,273.0,7,100.0,False,0,car,3608.0158333333316,0.6169414783551098,OnTrack,7298.968572355235,7738.062095813484,2062.1817761066654,59.331,7629.894
2026-07-05 15:15:24.406,0 days 02:07:09.913000,1,468.96805489777836,0 days 00:00:59.350000,10777.812496,273.0593752,7,100.0,False,0,pos,3609.4591160805194,0.617188268012602,OnTrack,7305.0,7723.0,2062.0,59.35,7629.913
2026-07-05 15:15:24.666,0 days 02:07:10.173000,1,466.2958353066677,0 days 00:00:59.610000,10761.562512,273.8718744,7,100.0,False,0,pos,3629.257939998264,0.6205737065089241,OnTrack,7419.0,7439.0,2059.0,59.61,7630.173
2026-07-05 15:15:24.707,0 days 02:07:10.214000,1,465.87444444444554,0 days 00:00:59.651000,10759.0,274.0,7,100.0,False,0,car,3632.371388888887,0.6211060810466458,OnTrack,7432.947826401835,7403.6079696446795,2058.6722706344785,59.651,7630.214
2026-07-05 15:15:24.947,0 days 02:07:10.454000,1,463.874444444446,0 days 00:00:59.891000,10741.0,272.0,7,100.0,False,0,car,3650.5047222222197,0.6242067341454535,OnTrack,7474.443524806801,7290.590478936754,2057.9961691363224,59.891,7630.454
2026-07-05 15:15:25.126,0 days 02:07:10.633000,1,462.92972188444634,0 days 00:01:00.070000,10697.59248448,270.65749952,7,100.0,False,0,pos,3663.9227178413475,0.6265011026948785,OnTrack,7495.0,7212.0,2058.0,60.07,7630.633
2026-07-05 15:15:25.346,0 days 02:07:10.853000,1,461.7686121244467,0 days 00:01:00.290000,10644.24254656,269.00750144,7,100.0,False,0,pos,3680.3192129869876,0.6293047705340098,OnTrack,7527.0,7063.0,2058.0,60.29,7630.853
2026-07-05 15:15:25.347,0 days 02:07:10.854000,1,461.7633333333356,0 days 00:01:00.291000,10644.0,269.0,7,100.0,False,0,car,3680.3936111111084,0.6293174920105227,OnTrack,7527.110944277887,7062.289428161676,2057.9999845640023,60.291,7630.854
2026-07-05 15:15:25.586,0 days 02:07:11.093000,1,460.90027847111327,0 days 00:01:00.530000,10549.395909333334,267.00833493333334,7,100.0,False,0,pos,3698.119764984208,0.63234852072026,OnTrack,7539.0,6892.0,2058.0,60.53,7631.093
2026-07-05 15:15:25.587,0 days 02:07:11.094000,1,460.8966666666688,0 days 00:01:00.531000,10549.0,267.0,7,100.0,False,0,car,3698.1936111111086,0.6323611478097201,OnTrack,7538.986589854365,6891.266091941642,2058.0000832452793,60.531,7631.094
2026-07-05 15:15:25.766,0 days 02:07:11.273000,1,460.4988887466689,0 days 00:01:00.710000,10515.88498816,265.20999936,7,100.0,False,0,pos,3711.3701947736085,0.6346142368702806,OnTrack,7529.0,6757.0,2058.0,60.71,7631.273
2026-07-05 15:15:25.787,0 days 02:07:11.294000,1,460.45222222222446,0 days 00:01:00.731000,10512.0,265.0,7,100.0,False,0,car,3712.915833333331,0.6348785285425145,OnTrack,7527.118896929505,6741.195086580244,2057.9896666122904,60.731,7631.294
2026-07-05 15:15:25.866,0 days 02:07:11.373000,1,460.32055587555794,0 days 00:01:00.810000,10474.96884,265.0,7,100.0,False,0,pos,3718.734883705022,0.6358735390149649,OnTrack,7519.0,6682.0,2058.0,60.81,7631.373
2026-07-05 15:15:25.947,0 days 02:07:11.454000,1,460.18555555555804,0 days 00:01:00.891000,10437.0,265.0,7,100.0,False,0,car,3724.6936111111086,0.6368924331287499,OnTrack,7509.1946229611885,6622.063530272428,2058.33195310452,60.891,7631.454
2026-07-05 15:15:26.186,0 days 02:07:11.693000,1,460.119166720003,0 days 00:01:01.130000,10409.116689066666,263.00833493333334,7,100.0,False,0,pos,3742.154111991622,0.6398780373288545,OnTrack,7473.0,6449.0,2060.0,61.13,7631.693
2026-07-05 15:15:26.187,0 days 02:07:11.694000,1,460.1188888888919,0 days 00:01:01.131000,10409.0,263.0,7,100.0,False,0,car,3742.226944444442,0.6398904910882589,OnTrack,7472.832675677734,6448.282962840987,2060.002040589583,61.131,7631.694
2026-07-05 15:15:26.346,0 days 02:07:11.853000,1,460.38388856889185,0 days 00:01:01.290000,10346.3938256,262.5031256,7,100.0,False,0,pos,3753.7865718128164,0.6418670937217597,OnTrack,7445.0,6335.0,2060.0,61.29,7631.853
2026-07-05 15:15:26.507,0 days 02:07:12.014000,1,460.6522222222252,0 days 00:01:01.451000,10283.0,262.0,7,100.0,False,0,car,3765.5158333333306,0.6438727024210414,OnTrack,7415.850677371738,6221.888440299321,2061.0649183588002,61.451,7632.014
2026-07-05 15:15:26.646,0 days 02:07:12.153000,1,460.96111125333624,0 days 00:01:01.590000,10085.61990912,262.69500032,7,30.499968000000003,False,0,pos,3775.700160744449,0.6456141399033886,OnTrack,7391.0,6124.0,2062.0,61.59,7632.153
2026-07-05 15:15:26.707,0 days 02:07:12.214000,1,461.09666666666953,0 days 00:01:01.651000,9999.0,263.0,7,0.0,False,0,car,3780.126944444442,0.6463710840539657,OnTrack,7380.405887123627,6080.575367572181,2062.12713705184,61.651,7632.214
2026-07-05 15:15:26.866,0 days 02:07:12.373000,1,461.9799989333363,0 days 00:01:01.810000,10174.562288,257.7000064,7,0.0,False,0,pos,3791.4466219288634,0.648306657201185,OnTrack,7357.0,5970.0,2062.0,61.81,7632.373
2026-07-05 15:15:26.886,0 days 02:07:12.393000,1,462.09111146666964,0 days 00:01:01.830000,10196.645904,257.0333312,7,0.0,False,0,pos,3792.8531564584823,0.6485471632111763,OnTrack,7355.0,5957.0,2062.0,61.83,7632.393
2026-07-05 15:15:26.947,0 days 02:07:12.454000,1,462.430000000003,0 days 00:01:01.891000,10264.0,255.0,7,0.0,True,0,car,3797.1269444444415,0.649277946334098,OnTrack,7348.2793591738755,5917.643491052512,2062.1839121193125,61.891,7632.454
2026-07-05 15:15:27.086,0 days 02:07:12.593000,1,463.6655561244478,0 days 00:01:02.030000,10528.1001216,251.5249984,7,0.0,True,0,pos,3806.775102071535,0.6509277031269785,OnTrack,7332.0,5820.0,2063.0,62.03,7632.593
2026-07-05 15:15:27.227,0 days 02:07:12.734000,1,464.9188888888925,0 days 00:01:02.171000,10796.0,248.0,7,0.0,False,0,car,3816.4158333333303,0.6525761900715553,OnTrack,7321.960255751699,5687.8276332389005,2062.7423639785993,62.171,7632.734
2026-07-05 15:15:27.386,0 days 02:07:12.893000,1,466.77388664889264,0 days 00:01:02.330000,10847.6749376,242.43500672,7,0.0,False,0,pos,3827.0880971553333,0.6544010607273083,OnTrack,7318.0,5543.0,2062.0,62.33,7632.893
2026-07-05 15:15:27.427,0 days 02:07:12.934000,1,467.252222222226,0 days 00:01:02.371000,10861.0,241.0,6,0.0,False,0,car,3829.8047222222194,0.6548655816059079,OnTrack,7318.037947974515,5515.184134091028,2061.920428151961,62.371,7632.934
2026-07-05 15:15:27.667,0 days 02:07:13.174000,1,470.65222222222656,0 days 00:01:02.611000,12058.0,234.0,6,0.0,False,0,car,3845.404722222219,0.6575330552276764,OnTrack,7327.999516256122,5421.042481250805,2062.2250751572315,62.611,7633.174
2026-07-05 15:15:27.806,0 days 02:07:13.313000,1,473.0847233422267,0 days 00:01:02.750000,11889.8967976,230.0906232,6,1.7375007999999998,False,0,pos,3854.1885348532874,0.6590350160284412,OnTrack,7348.0,5356.0,2062.0,62.75,7633.313
2026-07-05 15:15:27.987,0 days 02:07:13.494000,1,476.2522222222269,0 days 00:01:02.931000,11671.0,225.0,5,4.0,False,0,car,3865.404722222219,0.6609528932043026,OnTrack,7392.948190873837,5226.312753759135,2060.73368838962,62.931,7633.494
2026-07-05 15:15:28.066,0 days 02:07:13.573000,1,477.83221838222687,0 days 00:01:03.010000,11552.218145828572,223.30714697142858,5,5.128568685714286,False,0,pos,3870.2473712704373,0.6617809469604312,OnTrack,7417.0,5167.0,2060.0,63.01,7633.573
2026-07-05 15:15:28.267,0 days 02:07:13.774000,1,481.8522222222268,0 days 00:01:03.211000,11250.0,219.0,5,8.0,False,0,car,3882.438055555552,0.663865455214396,OnTrack,7486.594885882134,5030.537071632155,2057.9083560868,63.211,7633.774
2026-07-05 15:15:28.486,0 days 02:07:13.993000,1,486.6580598525466,0 days 00:01:03.430000,11002.165922607703,215.56739504996818,5,7.313479009993636,False,0,pos,3895.5346528420982,0.6661048672526514,OnTrack,7555.0,4919.0,2056.0,63.43,7633.993
2026-07-05 15:15:28.586,0 days 02:07:14.093000,1,488.85250000000497,0 days 00:01:03.530000,10889.0,214.0,5,7.0,False,0,car,3901.40083333333,0.6671079365937344,OnTrack,7575.715057043556,4886.037835094819,2055.534468967916,63.53,7634.093
2026-07-05 15:15:28.746,0 days 02:07:14.253000,1,492.85250000000417,0 days 00:01:03.690000,10713.57142857143,209.42857142857142,5,3.0,False,0,pos,3910.5995971271823,0.6686808506817459,OnTrack,7605.0,4838.0,2055.0,63.69,7634.253
2026-07-05 15:15:28.866,0 days 02:07:14.373000,1,495.8525000000036,0 days 00:01:03.810000,10582.0,206.0,5,0.0,True,0,car,3917.4230555555523,0.6698476067950094,OnTrack,7634.947669923169,4784.75352144422,2054.408098907107,63.81,7634.373
2026-07-05 15:15:28.946,0 days 02:07:14.453000,1,497.91916666667083,0 days 00:01:03.890000,10435.333333333334,205.0,5,0.0,True,0,pos,3921.9644870408415,0.6706241547880913,OnTrack,7655.0,4749.0,2054.0,63.89,7634.453
2026-07-05 15:15:29.106,0 days 02:07:14.613000,1,502.05250000000524,0 days 00:01:04.050000,10142.0,203.0,5,0.0,True,0,car,3930.956388888885,0.6721616971591932,OnTrack,7688.484460058645,4691.403000955604,2053.297626209855,64.05,7634.613
2026-07-05 15:15:29.265,0 days 02:07:14.772000,1,506.5575018133378,0 days 00:01:04.209000,10032.687456,197.69999786666668,5,4.637501866666667,True,0,pos,3939.6228645220704,0.6736435942838868,OnTrack,7723.0,4610.0,2052.0,64.209,7634.772
2026-07-05 15:15:29.346,0 days 02:07:14.853000,1,508.85250000000406,0 days 00:01:04.290000,9977.0,195.0,5,7.0,False,0,car,3943.9563888888856,0.6743845918440003,OnTrack,7744.861828627044,4543.06570451229,2050.823456945191,64.29,7634.853
2026-07-05 15:15:29.465,0 days 02:07:14.972000,1,512.4555574933376,0 days 00:01:04.409000,9872.5030688,192.7687488,5,7.3718752,False,0,pos,3950.242530284612,0.6754594710975776,OnTrack,7775.0,4440.0,2049.0,64.409,7634.972
2026-07-05 15:15:29.666,0 days 02:07:15.173000,1,518.5413888888934,0 days 00:01:04.610000,9696.0,189.0,5,8.0,False,0,car,3960.7563888888853,0.6772572557443663,OnTrack,7794.076064663845,4350.149392066485,2047.6303031367868,64.61,7635.173
2026-07-05 15:15:29.906,0 days 02:07:15.413000,1,525.8080555555593,0 days 00:01:04.850000,9696.0,189.0,5,7.0,False,0,pos,3973.3563888888852,0.6794117536696409,OnTrack,7789.0,4286.0,2047.0,64.85,7635.413
2026-07-05 15:15:30.046,0 days 02:07:15.553000,1,530.1636190755588,0 days 00:01:04.990000,9590.999808,186.3749952,5,0.8749888000000002,False,0,pos,3980.594046134497,0.6806493344251583,OnTrack,7785.0,4214.0,2046.0,64.99,7635.553
2026-07-05 15:15:30.066,0 days 02:07:15.573000,1,530.7858333333365,0 days 00:01:05.010000,9576.0,186.0,5,0.0,False,0,car,3981.6230555555526,0.6808252866999798,OnTrack,7783.5367418771975,4202.210457627441,2045.7987723559497,65.01,7635.573
2026-07-05 15:15:30.307,0 days 02:07:15.814000,1,538.4175000000032,0 days 00:01:05.251000,9528.0,184.0,5,7.0,False,0,car,3993.9408333333304,0.6829315269115842,OnTrack,7747.989744590664,4045.505683667613,2042.5649243386954,65.251,7635.814
2026-07-05 15:15:30.366,0 days 02:07:15.873000,1,540.3350020800033,0 days 00:01:05.310000,9524.1281208,183.4468744,5,13.453132,False,0,pos,3996.9207502853715,0.6834410685695734,OnTrack,7739.0,4014.0,2042.0,65.31,7635.873
2026-07-05 15:15:30.627,0 days 02:07:16.134000,1,548.8175000000037,0 days 00:01:05.571000,9507.0,181.0,5,42.0,False,0,car,4010.029722222219,0.6856825965727813,OnTrack,7705.077572020193,3921.3674449607147,2041.2064503505537,65.571,7636.134
2026-07-05 15:15:30.686,0 days 02:07:16.193000,1,550.6694464533368,0 days 00:01:05.630000,9610.4344872,181.7375008,5,48.6375072,False,0,pos,4013.0252643131657,0.6861948100029414,OnTrack,7695.0,3900.0,2041.0,65.63,7636.193
2026-07-05 15:15:30.947,0 days 02:07:16.454000,1,558.8619444444471,0 days 00:01:05.891000,10068.0,185.0,5,78.0,False,0,car,4026.4741666666637,0.6884944633535629,OnTrack,7632.771017779843,3782.8234763176974,2039.2434265113907,65.891,7636.454
2026-07-05 15:15:30.986,0 days 02:07:16.493000,1,560.0211054044473,0 days 00:01:05.930000,10112.0372832,185.9749952,5,78.3249984,False,0,pos,4028.5136990076358,0.6888432068612736,OnTrack,7622.0,3765.0,2039.0,65.93,7636.493
2026-07-05 15:15:31.186,0 days 02:07:16.693000,1,565.9655498488928,0 days 00:01:06.130000,10337.870616533333,190.9749952,5,79.99166506666667,False,0,pos,4039.15310686281,0.6906624594128706,OnTrack,7562.0,3678.0,2038.0,66.13,7636.693
2026-07-05 15:15:31.187,0 days 02:07:16.694000,1,565.9952777777817,0 days 00:01:06.131000,10339.0,191.0,5,80.0,False,0,car,4039.207499999997,0.6906717601986816,OnTrack,7561.670916684978,3677.5806917808177,2037.9947962708989,66.131,7636.694
2026-07-05 15:15:31.786,0 days 02:07:17.293000,1,581.1366618133371,0 days 00:01:06.730000,11144.65474176,207.97166122666667,5,99.96666026666666,False,0,pos,4073.8140644792106,0.6965892023710107,OnTrack,7316.0,3458.0,2034.0,66.73,7637.293
2026-07-05 15:15:31.787,0 days 02:07:17.294000,1,581.1619444444482,0 days 00:01:06.731000,11146.0,208.0,5,100.0,False,0,car,4073.8741666666633,0.6965994793581671,OnTrack,7315.544313466852,3457.704660777204,2033.9935575322236,66.731,7637.294
2026-07-05 15:15:32.067,0 days 02:07:17.574000,1,587.3841666666704,0 days 00:01:07.011000,11487.0,219.0,5,100.0,False,0,car,4090.9074999999966,0.6995120413682605,OnTrack,7173.764326645946,3377.459514273764,2032.2611892438085,67.011,7637.574
2026-07-05 15:15:32.106,0 days 02:07:17.613000,1,588.1966626666704,0 days 00:01:07.050000,11555.806804114285,219.69642514285715,5,100.0,False,0,pos,4093.3043016735437,0.6999218750375426,OnTrack,7147.0,3363.0,2032.0,67.05,7637.613
2026-07-05 15:15:32.347,0 days 02:07:17.854000,1,593.2175000000034,0 days 00:01:07.291000,11981.0,224.0,5,100.0,False,0,car,4108.329722222219,0.7024911002278994,OnTrack,6946.302920738006,3252.220188733182,2030.2594325975083,67.291,7637.854
2026-07-05 15:15:32.386,0 days 02:07:17.893000,1,593.9216632000032,0 days 00:01:07.330000,11793.6384224,225.624992,5,100.0,False,0,pos,4110.8275121539045,0.7029182020712,OnTrack,6918.0,3235.0,2030.0,67.33,7637.893
2026-07-05 15:15:32.587,0 days 02:07:18.094000,1,597.5508333333355,0 days 00:01:07.531000,10828.0,234.0,5,100.0,False,0,car,4123.929722222219,0.705158573849668,OnTrack,6813.294999202662,3158.9629059226777,2028.8592888541843,67.531,7638.094
2026-07-05 15:15:32.747,0 days 02:07:18.254000,1,600.3508333333348,0 days 00:01:07.691000,10861.0,236.0,6,100.0,False,0,car,4134.4186111111085,0.7069520888774098,OnTrack,6752.954796035717,3101.5659808202277,2028.1514197882855,67.691,7638.254
2026-07-05 15:15:32.786,0 days 02:07:18.293000,1,600.9791635733352,0 days 00:01:07.730000,10893.906088,237.218744,6,100.0,False,0,pos,4137.0072695373565,0.7073947284971397,OnTrack,6737.0,3086.0,2028.0,67.73,7638.293
2026-07-05 15:15:32.907,0 days 02:07:18.414000,1,602.9286111111142,0 days 00:01:07.851000,10996.0,241.0,6,100.0,False,0,car,4145.129722222219,0.7087836021048918,OnTrack,6684.388345643718,3033.7749577726045,2027.582898185128,67.851,7638.414
2026-07-05 15:15:33.186,0 days 02:07:18.693000,1,606.9586083377811,0 days 00:01:08.130000,11155.428461714286,246.97856731428573,6,100.0,False,0,pos,4164.271192382494,0.71205663843402,OnTrack,6546.0,2885.0,2027.0,68.13,7638.693
2026-07-05 15:15:33.187,0 days 02:07:18.694000,1,606.9730555555589,0 days 00:01:08.131000,11156.0,247.0,6,100.0,False,0,car,4164.34083333333,0.7120685464724399,OnTrack,6545.464389141855,2884.373082924252,2026.9991564385086,68.131,7638.694
2026-07-05 15:15:33.546,0 days 02:07:19.053000,1,611.3608309866706,0 days 00:01:08.490000,11489.706639709091,253.52726923636362,6,100.0,False,0,pos,4189.7375137525405,0.7164111730813326,OnTrack,6351.0,2635.0,2027.0,68.49,7639.053
2026-07-05 15:15:33.627,0 days 02:07:19.134000,1,612.3508333333375,0 days 00:01:08.571000,11565.0,255.0,6,100.0,False,0,car,4195.507499999996,0.7173977939860158,OnTrack,6316.004268989922,2584.2208928780597,2026.909111443051,68.571,7639.134
2026-07-05 15:15:33.787,0 days 02:07:19.294000,1,614.2175000000043,0 days 00:01:08.731000,11618.0,257.0,6,100.0,False,0,car,4206.929722222218,0.7193509014526667,OnTrack,6260.198397864638,2494.711409469439,2026.5625198505807,68.731,7639.294
2026-07-05 15:15:33.986,0 days 02:07:19.493000,1,616.1522203555598,0 days 00:01:08.930000,11836.8997888,260.3166634666667,6,100.0,False,0,pos,4221.3805121127125,0.7218218694556547,OnTrack,6205.0,2399.0,2026.0,68.93,7639.493
2026-07-05 15:15:34.147,0 days 02:07:19.654000,1,617.7175000000043,0 days 00:01:09.091000,12014.0,263.0,6,100.0,False,0,car,4233.229722222218,0.7238479883919302,OnTrack,6167.489392509141,2332.3999532398257,2025.5127595719705,69.091,7639.654
2026-07-05 15:15:34.307,0 days 02:07:19.814000,1,619.0952777777811,0 days 00:01:09.251000,11314.0,267.0,6,100.0,False,0,car,4245.0963888888855,0.725877092258062,OnTrack,6125.346761548488,2253.3387830989127,2025.096531862223,69.251,7639.814
2026-07-05 15:15:34.386,0 days 02:07:19.893000,1,619.4463880355589,0 days 00:01:09.330000,11160.796800914286,267.8464265142857,6,100.0,False,0,pos,4250.987945554003,0.7268845007193026,OnTrack,6093.0,2190.0,2025.0,69.33,7639.893
2026-07-05 15:15:34.587,0 days 02:07:20.094000,1,620.3397222222256,0 days 00:01:09.531000,10771.0,270.0,7,100.0,False,0,car,4266.0963888888855,0.7294679221335195,OnTrack,5986.419976382994,1976.972021422828,2025.006322456645,69.531,7640.094
2026-07-05 15:15:34.606,0 days 02:07:20.113000,1,620.3080554488924,0 days 00:01:09.550000,10784.695879466666,270.39583466666664,7,100.0,False,0,pos,4267.536095227298,0.729714100254084,OnTrack,5978.0,1960.0,2025.0,69.55,7640.113
2026-07-05 15:15:34.827,0 days 02:07:20.334000,1,619.9397222222269,0 days 00:01:09.771000,10944.0,275.0,7,100.0,False,0,car,4284.4297222222185,0.7326027736120936,OnTrack,5921.253317322779,1843.7527205191466,2024.6838622339292,69.771,7640.334
2026-07-05 15:15:35.006,0 days 02:07:20.513000,1,618.8955551822258,0 days 00:01:09.950000,11016.49502592,278.58000128,7,100.0,False,0,pos,4298.294775173279,0.7349735853435923,OnTrack,5884.0,1766.0,2024.0,69.95,7640.513
2026-07-05 15:15:35.027,0 days 02:07:20.534000,1,618.773055555559,0 days 00:01:09.971000,11025.0,279.0,7,100.0,False,0,car,4299.9297222222185,0.7352531480439789,OnTrack,5877.831902710415,1753.2543410709334,2023.889737865787,69.971,7640.534
2026-07-05 15:15:35.206,0 days 02:07:20.713000,1,617.1322203173994,0 days 00:01:10.150000,11118.619355543582,281.246864533046,7,100.0,False,0,pos,4313.929791776538,0.7376470465208425,OnTrack,5816.0,1626.0,2023.0,70.15,7640.713
2026-07-05 15:15:35.266,0 days 02:07:20.773000,1,616.5822222222268,0 days 00:01:10.210000,11150.0,282.0,7,100.0,False,0,car,4318.651388888884,0.738454401376599,OnTrack,5796.567021702697,1586.0088519497258,2022.974151741256,70.21,7640.773
2026-07-05 15:15:35.386,0 days 02:07:20.893000,1,615.0822222222268,0 days 00:01:10.330000,11181.8,283.8,7,100.0,False,0,pos,4328.140256876495,0.7400769209315603,OnTrack,5754.0,1498.0,2023.0,70.33,7640.893
2026-07-05 15:15:35.466,0 days 02:07:20.973000,1,614.0822222222268,0 days 00:01:10.410000,11203.0,285.0,7,100.0,False,0,car,4334.484722222218,0.7411617731080948,OnTrack,5714.107594860826,1414.921972052053,2022.57658275031,70.41,7640.973
2026-07-05 15:15:35.626,0 days 02:07:21.133000,1,611.6822222222272,0 days 00:01:10.570000,11304.0,286.0,7,100.0,False,0,car,4347.195833333329,0.7433352701332395,OnTrack,5625.368679874061,1229.4902731097143,2021.1385975436867,70.57,7641.133
2026-07-05 15:15:35.646,0 days 02:07:21.153000,1,611.3155508622272,0 days 00:01:10.590000,11310.875088,286.1250016,7,100.0,False,0,pos,4348.788420833286,0.7436075896939124,OnTrack,5617.0,1212.0,2021.0,70.59,7641.153
2026-07-05 15:15:35.946,0 days 02:07:21.453000,1,605.8155555555604,0 days 00:01:10.890000,11414.0,288.0,7,100.0,False,0,car,4372.795833333329,0.7477126627433212,OnTrack,5556.14142033589,1084.7668815325583,2020.123056804617,70.89,7641.453
2026-07-05 15:15:36.005,0 days 02:07:21.512000,1,604.5699986488938,0 days 00:01:10.949000,11437.810740114286,288.63214354285714,7,100.0,False,0,pos,4377.545974155049,0.7485248983421433,OnTrack,5541.0,1053.0,2020.0,70.949,7641.512
2026-07-05 15:15:36.226,0 days 02:07:21.733000,1,599.9044444444498,0 days 00:01:11.170000,11527.0,291.0,7,100.0,False,0,car,4395.429166666662,0.7515827793868699,OnTrack,5453.511922001847,869.2777060825729,2019.303067423427,71.17,7641.733
2026-07-05 15:15:36.285,0 days 02:07:21.792000,1,598.5277762844496,0 days 00:01:11.229000,11538.167869257142,291.63214354285714,7,100.0,False,0,pos,4400.229573654056,0.7524036100928074,OnTrack,5431.0,822.0,2019.0,71.229,7641.792
2026-07-05 15:15:36.506,0 days 02:07:22.013000,1,593.3711111111152,0 days 00:01:11.450000,11580.0,294.0,7,100.0,False,0,car,4418.295833333329,0.7554927941401459,OnTrack,5365.041252418206,683.6322249807021,2017.411186674992,71.45,7642.013
2026-07-05 15:15:36.566,0 days 02:07:22.073000,1,591.821104497782,0 days 00:01:11.510000,11599.5000832,294.42857325714283,7,100.0,False,0,pos,4423.216816322148,0.7563342423655206,OnTrack,5347.0,646.0,2017.0,71.51,7642.073
2026-07-05 15:15:36.786,0 days 02:07:22.293000,1,586.1377777777825,0 days 00:01:11.730000,11671.0,296.0,7,100.0,False,0,car,4441.318055555551,0.7594294076332402,OnTrack,5270.313199765962,487.0025373611884,2015.8342440624017,71.73,7642.293
2026-07-05 15:15:36.926,0 days 02:07:22.433000,1,582.4822177242859,0 days 00:01:11.870000,11147.19873244188,296.87227521658303,7,100.0,False,0,pos,4452.889972620579,0.7614081117053079,OnTrack,5218.0,379.0,2015.0,71.87,7642.433
2026-07-05 15:15:37.066,0 days 02:07:22.573000,1,578.8266710396703,0 days 00:01:12.010000,10623.399380496321,297.7445472431369,7,100.0,False,0,pos,4464.490883395526,0.7633917734668887,OnTrack,5167.0,274.0,2014.0,72.01,7642.573
2026-07-05 15:15:37.107,0 days 02:07:22.614000,1,577.7561111111163,0 days 00:01:12.051000,10470.0,298.0,8,100.0,False,0,car,4467.889722222218,0.7639729473716862,OnTrack,5153.518471295107,246.3650456830188,2013.795208615699,72.051,7642.614
2026-07-05 15:15:37.286,0 days 02:07:22.793000,1,573.231387271117,0 days 00:01:12.230000,10473.729168,298.7458336,8,100.0,False,0,pos,4482.741659958401,0.7665125084065206,OnTrack,5087.0,110.0,2013.0,72.23,7642.793
2026-07-05 15:15:37.347,0 days 02:07:22.854000,1,571.6894444444506,0 days 00:01:12.291000,10475.0,299.0,8,100.0,False,0,car,4487.82305555555,0.7673813858883902,OnTrack,5049.379168732359,32.283760418988884,2012.379744658484,72.291,7642.854
2026-07-05 15:15:37.466,0 days 02:07:22.973000,1,568.6813937422286,0 days 00:01:12.410000,10494.502746311111,299.99166506666666,8,100.0,False,0,pos,4497.778345743871,0.7690836598611079,OnTrack,4971.0,-130.0,2011.0,72.41,7642.973
2026-07-05 15:15:37.707,0 days 02:07:23.214000,1,562.5894444444511,0 days 00:01:12.651000,10534.0,302.0,8,100.0,False,0,car,4518.02305555555,0.7725453412330958,OnTrack,4916.942093773042,-242.26286476945845,2010.307000960641,72.651,7643.214
2026-07-05 15:15:37.846,0 days 02:07:23.353000,1,559.3461096177842,0 days 00:01:12.790000,10521.258327466667,301.71041653333333,8,100.0,False,0,pos,4529.665360262527,0.7745360810217146,OnTrack,4884.0,-311.0,2010.0,72.79,7643.353
2026-07-05 15:15:38.146,0 days 02:07:23.653000,1,552.3461155911172,0 days 00:01:13.090000,10493.758350933333,301.08541706666665,8,100.0,False,0,pos,4554.729772162168,0.7788218924055244,OnTrack,4725.0,-642.0,2008.0,73.09,7643.653
2026-07-05 15:15:38.187,0 days 02:07:23.694000,1,551.3894444444504,0 days 00:01:13.131000,10490.0,301.0,8,100.0,False,0,car,4558.156388888883,0.7794078161061926,OnTrack,4706.319779749678,-680.8180889538216,2007.794734525388,73.131,7643.694
2026-07-05 15:15:38.427,0 days 02:07:23.934000,1,545.9227777777833,0 days 00:01:13.371000,10483.0,301.0,8,100.0,False,0,car,4578.22305555555,0.7828390535427409,OnTrack,4629.802947631335,-839.3417989169249,2007.2093347642624,73.371,7643.934
2026-07-05 15:15:38.546,0 days 02:07:24.053000,1,543.3444486044496,0 days 00:01:13.490000,10478.5375072,301.0,8,100.0,False,0,pos,4588.172311225056,0.7845402956616278,OnTrack,4599.0,-903.0,2007.0,73.49,7644.053
2026-07-05 15:15:38.667,0 days 02:07:24.174000,1,540.7227777777825,0 days 00:01:13.611000,10474.0,301.0,8,100.0,False,0,car,4598.289722222217,0.7862702909792894,OnTrack,4568.058701318491,-966.9257111988076,2006.740878664455,73.611,7644.174
2026-07-05 15:15:38.846,0 days 02:07:24.353000,1,536.9936097777821,0 days 00:01:13.790000,10481.032145371428,301.0,8,100.0,False,0,pos,4613.261711272588,0.7888303798162941,OnTrack,4519.0,-1068.0,2006.0,73.79,7644.353
2026-07-05 15:15:38.947,0 days 02:07:24.454000,1,534.8894444444486,0 days 00:01:13.891000,10485.0,301.0,8,100.0,False,0,car,4621.700833333329,0.7902734013219292,OnTrack,4486.760326219006,-1134.1240236102171,2005.2007770051534,73.891,7644.454
2026-07-05 15:15:39.146,0 days 02:07:24.653000,1,530.9647260088936,0 days 00:01:14.090000,10481.02000384,300.50250048,8,100.0,False,0,pos,4638.293796025578,0.7931106635199141,OnTrack,4409.0,-1293.0,2003.0,74.09,7644.653
2026-07-05 15:15:39.347,0 days 02:07:24.854000,1,527.0005555555608,0 days 00:01:14.291000,10477.0,300.0,8,100.0,False,0,car,4655.034166666662,0.795973131282973,OnTrack,4307.933637078615,-1498.70212572163,2000.4415633102255,74.291,7644.854
2026-07-05 15:15:39.386,0 days 02:07:24.893000,1,526.2747257955609,0 days 00:01:14.330000,10474.632154514286,300.0,8,100.0,False,0,pos,4658.283222742929,0.7965286935508632,OnTrack,4291.0,-1533.0,2000.0,74.33,7644.893
2026-07-05 15:15:39.627,0 days 02:07:25.134000,1,521.78944444445,0 days 00:01:14.571000,10460.0,300.0,8,100.0,False,0,car,4678.367499999995,0.7999629422557035,OnTrack,4220.986509688605,-1673.0568562164603,1997.9337188006173,74.571,7645.134
2026-07-05 15:15:39.746,0 days 02:07:25.253000,1,519.6408368000054,0 days 00:01:14.690000,10469.6687344,300.0,8,100.0,False,0,pos,4688.288655331632,0.8016593794444606,OnTrack,4187.0,-1741.0,1997.0,74.69,7645.253
2026-07-05 15:15:39.947,0 days 02:07:25.454000,1,516.0116666666718,0 days 00:01:14.891000,10486.0,300.0,8,100.0,False,0,car,4705.034166666662,0.8045227262245386,OnTrack,4112.433662437285,-1891.1607690030519,1995.29258151133,74.891,7645.454
2026-07-05 15:15:39.986,0 days 02:07:25.493000,1,515.3508365866719,0 days 00:01:14.930000,10480.7594008,299.8781256,8,100.0,False,0,pos,4708.277753537805,0.8050773533026597,OnTrack,4098.0,-1920.0,1995.0,74.93,7645.493
2026-07-05 15:15:40.166,0 days 02:07:25.673000,1,512.3008322488945,0 days 00:01:15.110000,10456.5718664,299.3156248,8,100.0,False,0,pos,4723.226582778184,0.8076334819997772,OnTrack,4030.0,-2054.0,1994.0,75.11,7645.673
2026-07-05 15:15:40.267,0 days 02:07:25.774000,1,510.58944444445024,0 days 00:01:15.211000,10443.0,299.0,8,100.0,False,0,car,4731.611944444439,0.8090673109134775,OnTrack,3975.6538045138986,-2159.989091387548,1993.8388230728053,75.211,7645.774
2026-07-05 15:15:40.426,0 days 02:07:25.933000,1,507.93944764445087,0 days 00:01:15.370000,10420.4750272,299.0,8,100.0,False,0,pos,4744.817482026984,0.8113253508598051,OnTrack,3884.0,-2338.0,1994.0,75.37,7645.933
2026-07-05 15:15:40.507,0 days 02:07:26.014000,1,506.58944444445115,0 days 00:01:15.451000,10409.0,299.0,8,100.0,False,0,car,4751.545277777772,0.8124757494301815,OnTrack,3849.5454434217277,-2404.603932881092,1994.1319213012048,75.451,7646.014
2026-07-05 15:15:40.827,0 days 02:07:26.334000,1,501.4338888888951,0 days 00:01:15.771000,10440.0,299.0,8,100.0,False,0,car,4778.12305555555,0.8170203341191206,OnTrack,3768.265003390836,-2559.558529485467,1994.8935539467673,75.771,7646.334
2026-07-05 15:15:40.866,0 days 02:07:26.373000,1,500.8163919288949,0 days 00:01:15.810000,10430.44504704,299.0,8,100.0,False,0,pos,4781.363337567584,0.8175743960931071,OnTrack,3757.0,-2581.0,1995.0,75.81,7646.373
2026-07-05 15:15:41.027,0 days 02:07:26.534000,1,498.26722222222725,0 days 00:01:15.971000,10391.0,299.0,8,100.0,False,0,car,4794.734166666662,0.8198606995497074,OnTrack,3697.371531754026,-2693.7707226084326,1995.7614700976687,75.971,7646.534
2026-07-05 15:15:41.046,0 days 02:07:26.553000,1,497.9769434666717,0 days 00:01:15.990000,10391.85500288,298.90499968,8,100.0,False,0,pos,4796.3096523165505,0.8201300948325635,OnTrack,3687.0,-2713.0,1996.0,75.99,7646.553
2026-07-05 15:15:41.227,0 days 02:07:26.734000,1,495.2116666666716,0 days 00:01:16.171000,10400.0,298.0,8,100.0,False,0,car,4811.289722222217,0.8226915654303592,OnTrack,3561.877875759479,-2941.974468774433,1999.6975424667676,76.171,7646.734
2026-07-05 15:15:41.246,0 days 02:07:26.753000,1,494.9319435022273,0 days 00:01:16.190000,10398.0999936,297.93214262857146,8,100.0,False,0,pos,4812.859610334161,0.8229600035795731,OnTrack,3552.0,-2960.0,2000.0,76.19,7646.753
2026-07-05 15:15:41.507,0 days 02:07:27.014000,1,491.08944444445115,0 days 00:01:16.451000,10372.0,297.0,8,100.0,False,0,car,4834.389722222216,0.8266414782933622,OnTrack,3500.516248311178,-3051.5162285034608,2001.5168369039854,76.451,7647.014
2026-07-05 15:15:41.546,0 days 02:07:27.053000,1,490.51528060445094,0 days 00:01:16.490000,10368.4250176,297.0,8,100.0,False,0,pos,4837.6053567700465,0.8271913257506431,OnTrack,3487.0,-3074.0,2002.0,76.49,7647.053
2026-07-05 15:15:41.747,0 days 02:07:27.254000,1,487.5561111111165,0 days 00:01:16.691000,10350.0,297.0,8,100.0,False,0,car,4854.189722222217,0.8300271178902224,OnTrack,3357.7873353186214,-3288.9741619727033,2006.787644998337,76.691,7647.254
2026-07-05 15:15:41.846,0 days 02:07:27.353000,1,486.15360907775386,0 days 00:01:16.790000,10374.025139434421,296.58577345802723,8,86.74475065687082,False,0,pos,4862.379446634242,0.8314274944183396,OnTrack,3300.0,-3385.0,2009.0,76.79,7647.353
2026-07-05 15:15:41.986,0 days 02:07:27.493000,1,484.17027777778367,0 days 00:01:16.930000,10408.0,296.0,8,68.0,False,0,car,4873.840833333328,0.8333872986932565,OnTrack,3256.0727222564733,-3457.693760550772,2010.819645818177,76.93,7647.493
2026-07-05 15:15:42.226,0 days 02:07:27.733000,1,480.5036111111181,0 days 00:01:17.170000,9874.857142857143,282.2857142857143,8,9.714285714285712,False,0,pos,4892.611781158749,0.8365969787047887,OnTrack,3190.0,-3542.0,2013.0,77.17,7647.733
2026-07-05 15:15:42.266,0 days 02:07:27.773000,1,479.8925000000072,0 days 00:01:17.210000,9786.0,280.0,8,0.0,True,0,car,4895.618611111105,0.8371111222678048,OnTrack,3163.6262458679366,-3574.2624357413074,2013.7104495272695,77.21,7647.773
2026-07-05 15:15:42.425,0 days 02:07:27.932000,1,476.9774988266738,0 days 00:01:17.369000,9903.7594224,268.5718704,8,0.0,True,0,pos,4907.209131320815,0.8390930073269058,OnTrack,3038.0,-3726.0,2017.0,77.369,7647.932
2026-07-05 15:15:42.586,0 days 02:07:28.093000,1,474.0258333333404,0 days 00:01:17.530000,10023.0,257.0,8,0.0,True,0,car,4918.4630555555495,0.8410173372011069,OnTrack,2959.4178172341394,-3814.2700590605928,2019.1586251935798,77.53,7648.093
2026-07-05 15:15:42.865,0 days 02:07:28.372000,1,467.90333192889534,0 days 00:01:17.809000,10635.803712,243.0499968,8,1.9928576,True,0,pos,4937.295181142002,0.8442374781141639,OnTrack,2884.0,-3873.0,2021.0,77.809,7648.372
2026-07-05 15:15:42.866,0 days 02:07:28.373000,1,467.88138888889534,0 days 00:01:17.810000,10638.0,243.0,7,2.0,True,0,car,4937.363055555549,0.8442490840890187,OnTrack,2883.6175211552186,-3873.285661231909,2021.0068519828824,77.81,7648.373
2026-07-05 15:15:43.026,0 days 02:07:28.533000,1,463.74805555556213,0 days 00:01:17.970000,9863.0,243.0,6,3.0,True,0,car,4948.163055555549,0.8460957965963969,OnTrack,2809.7521568601837,-3927.675741539049,2022.1849504810698,77.97,7648.533
2026-07-05 15:15:43.106,0 days 02:07:28.613000,1,462.12583333333987,0 days 00:01:18.050000,10148.142857142857,235.57142857142858,6,3.5714285714285716,True,0,pos,4953.219568291227,0.8469604193105353,OnTrack,2760.0,-3959.0,2023.0,78.05,7648.613
2026-07-05 15:15:43.306,0 days 02:07:28.813000,1,458.0702777777842,0 days 00:01:18.250000,10861.0,217.0,6,5.0,True,0,car,4965.040833333327,0.848981759866672,OnTrack,2603.4764108621266,-4039.4772961150707,2025.7515178848369,78.25,7648.813
2026-07-05 15:15:43.326,0 days 02:07:28.833000,1,457.61471693439506,0 days 00:01:18.270000,10863.98140106566,216.13042468918297,6,5.248450088804863,True,0,pos,4966.213361272464,0.849182252645418,OnTrack,2589.0,-4046.0,2026.0,78.27,7648.833
2026-07-05 15:15:43.467,0 days 02:07:28.974000,1,454.4030555555619,0 days 00:01:18.411000,10885.0,210.0,5,7.0,True,0,car,4974.4324999999935,0.8505876587831961,OnTrack,2502.0602708001084,-4079.971278171517,2027.411825373818,78.411,7648.974
2026-07-05 15:15:43.766,0 days 02:07:29.273000,1,447.3433318222288,0 days 00:01:18.710000,10464.099909907693,203.09999852307692,5,2.9749991384615386,True,0,pos,4991.0888658923295,0.8534357624147558,OnTrack,2379.0,-4105.0,2029.0,78.71,7649.273
2026-07-05 15:15:43.987,0 days 02:07:29.494000,1,442.1252777777845,0 days 00:01:18.931000,10153.0,198.0,5,0.0,False,0,car,5003.032499999993,0.8554780270897716,OnTrack,2300.5208151089423,-4114.410519759456,2029.8896576845427,78.931,7649.494
2026-07-05 15:15:44.006,0 days 02:07:29.513000,1,441.68722074667335,0 days 00:01:18.950000,10144.16497024,197.5249984,5,2.1850073599999997,False,0,pos,5004.055574672701,0.8556529645707044,OnTrack,2293.0,-4115.0,2030.0,78.95,7649.513
2026-07-05 15:15:44.187,0 days 02:07:29.694000,1,437.5141666666732,0 days 00:01:19.131000,10060.0,193.0,5,23.0,False,0,car,5013.754722222216,0.8573114402272407,OnTrack,2208.9825518302964,-4117.836311284992,2031.4126356608033,79.131,7649.694
2026-07-05 15:15:44.266,0 days 02:07:29.773000,1,435.6488934222286,0 days 00:01:19.210000,10026.03008256,191.81500288,5,26.55499136,False,0,pos,5017.940855731414,0.85802723514474,OnTrack,2155.0,-4112.0,2032.0,79.21,7649.773
2026-07-05 15:15:44.387,0 days 02:07:29.894000,1,432.79194444445056,0 days 00:01:19.331000,9974.0,190.0,5,32.0,False,0,car,5024.310277777771,0.8591163547149046,OnTrack,2045.341304518432,-4090.965567908722,2032.6907527618223,79.331,7649.894
2026-07-05 15:15:44.466,0 days 02:07:29.973000,1,430.86083802667304,0 days 00:01:19.410000,9992.0218312,189.7531256,5,38.4187344,False,0,pos,5028.458361246229,0.859825643383687,OnTrack,1978.0,-4076.0,2033.0,79.41,7649.973
2026-07-05 15:15:44.707,0 days 02:07:30.214000,1,424.9697222222294,0 days 00:01:19.651000,10047.0,189.0,5,58.0,False,0,car,5041.1102777777705,0.8619890186152706,OnTrack,1870.8991942316898,-4047.972253323585,2033.232561420751,79.651,7650.214
2026-07-05 15:15:44.986,0 days 02:07:30.493000,1,417.99472702222937,0 days 00:01:19.930000,10235.3248704,190.99285577142857,5,72.94641828571429,False,0,pos,5055.912445249471,0.8645200693380756,OnTrack,1793.0,-4001.0,2033.0,79.93,7650.493
2026-07-05 15:15:44.987,0 days 02:07:30.494000,1,417.9697222222294,0 days 00:01:19.931000,10236.0,191.0,5,73.0,False,0,car,5055.965833333326,0.8645291982679091,OnTrack,1792.5050558917112,-4000.698980447266,2033.000030084576,79.931,7650.494
2026-07-05 15:15:45.147,0 days 02:07:30.654000,1,413.9697222222294,0 days 00:01:20.091000,10369.0,193.0,5,81.0,False,0,car,5064.543611111104,0.8659959287778843,OnTrack,1697.3385881560114,-3941.813569038507,2033.037004953443,80.091,7650.654
2026-07-05 15:15:45.186,0 days 02:07:30.693000,1,413.0055603022294,0 days 00:01:20.130000,10392.20488576,193.58499712,5,84.70498176,False,0,pos,5066.650799356915,0.8663562408972305,OnTrack,1674.0,-3926.0,2033.0,80.13,7650.693
2026-07-05 15:15:45.347,0 days 02:07:30.854000,1,409.02527777778505,0 days 00:01:20.291000,10488.0,196.0,5,100.0,False,0,car,5075.432499999993,0.8678578405651586,OnTrack,1587.9666898357314,-3858.792861948199,2032.5264172298735,80.291,7650.854
2026-07-05 15:15:45.606,0 days 02:07:31.113000,1,402.90999848889624,0 days 00:01:20.550000,10634.33503616,199.88500096,5,100.0,False,0,pos,5089.883379673788,0.8703288239203639,OnTrack,1484.0,-3757.0,2031.0,80.55,7651.113
2026-07-05 15:15:45.747,0 days 02:07:31.254000,1,399.5808333333407,0 days 00:01:20.691000,10714.0,202.0,5,100.0,False,0,car,5097.876944444437,0.8716956587389281,OnTrack,1444.9558194487977,-3714.235473218392,2030.0059032810177,80.691,7651.254
2026-07-05 15:15:45.966,0 days 02:07:31.473000,1,394.1058317333407,0 days 00:01:20.910000,10781.690928872727,204.4886370909091,5,100.0,False,0,pos,5110.428868280539,0.8738419360296493,OnTrack,1389.0,-3643.0,2029.0,80.91,7651.473
2026-07-05 15:15:46.046,0 days 02:07:31.553000,1,392.1058317333407,0 days 00:01:20.990000,10806.4182016,205.397728,5,100.0,False,0,pos,5115.044244975299,0.8746311280545079,OnTrack,1362.0,-3606.0,2029.0,80.99,7651.553
2026-07-05 15:15:46.187,0 days 02:07:31.694000,1,388.5808333333407,0 days 00:01:21.131000,10850.0,207.0,5,100.0,False,0,car,5123.176944444437,0.8760217537793603,OnTrack,1310.4182764433274,-3527.663877452478,2027.6851325781442,81.131,7651.694
2026-07-05 15:15:46.347,0 days 02:07:31.854000,1,384.536388888896,0 days 00:01:21.291000,10953.0,208.0,5,100.0,False,0,car,5132.421388888882,0.8776024788885565,OnTrack,1252.1660655755345,-3430.4063557073523,2024.8436178099266,81.291,7651.854
2026-07-05 15:15:46.406,0 days 02:07:31.913000,1,383.01222056889594,0 days 00:01:21.350000,11001.042909257143,208.84285805714285,5,100.0,False,0,pos,5135.86048929305,0.8781905371969366,OnTrack,1234.0,-3399.0,2024.0,81.35,7651.913
2026-07-05 15:15:46.627,0 days 02:07:32.134000,1,377.3030555555624,0 days 00:01:21.571000,11181.0,212.0,5,100.0,False,0,car,5148.910277777771,0.8804219453092862,OnTrack,1182.1141921676492,-3303.668214893908,2021.9113339558244,81.571,7652.134
2026-07-05 15:15:46.766,0 days 02:07:32.273000,1,373.55777605334026,0 days 00:01:21.710000,11237.372248177779,213.93055644444445,5,100.0,False,0,pos,5157.238251047597,0.8818459612721103,OnTrack,1150.0,-3242.0,2020.0,81.71,7652.273
2026-07-05 15:15:46.946,0 days 02:07:32.453000,1,368.70778295111813,0 days 00:01:21.890000,11310.372144355555,216.43055288888888,5,100.0,False,0,pos,5168.124406198704,0.8837074056123703,OnTrack,1100.0,-3147.0,2016.0,81.89,7652.453
2026-07-05 15:15:46.987,0 days 02:07:32.494000,1,367.6030555555626,0 days 00:01:21.931000,11327.0,217.0,5,100.0,False,0,car,5170.6102777777705,0.8841324695139257,OnTrack,1088.27840941775,-3125.2695343341775,2015.11981408358,81.931,7652.494
2026-07-05 15:15:47.146,0 days 02:07:32.653000,1,363.4513939022293,0 days 00:01:22.090000,11394.5749184,218.19249856,5,100.0,False,0,pos,5180.270079168432,0.8857842172960482,OnTrack,1042.0,-3042.0,2012.0,82.09,7652.653
2026-07-05 15:15:47.346,0 days 02:07:32.853000,1,358.22917168000714,0 days 00:01:22.290000,11479.5749184,219.69249856,5,100.0,False,0,pos,5192.51786096773,0.8878784887623817,OnTrack,980.0,-2937.0,2008.0,82.29,7652.853
2026-07-05 15:15:47.387,0 days 02:07:32.894000,1,357.15861111111826,0 days 00:01:22.331000,11497.0,220.0,5,100.0,False,0,car,5195.054722222215,0.8883122714853577,OnTrack,967.6169409683748,-2917.166235021241,2007.007800969825,82.331,7652.894
2026-07-05 15:15:47.526,0 days 02:07:33.033000,1,353.60638725334064,0 days 00:01:22.470000,11159.9248448,222.08500096,5,100.0,False,0,pos,5203.723065627459,0.8897944879839421,OnTrack,920.0,-2845.0,2003.0,82.47,7653.033
2026-07-05 15:15:47.746,0 days 02:07:33.253000,1,347.9841715733409,0 days 00:01:22.690000,10626.4254656,225.38499712,5,100.0,False,0,pos,5217.583016443932,0.8921644272917595,OnTrack,798.0,-2671.0,1995.0,82.69,7653.253
2026-07-05 15:15:47.787,0 days 02:07:33.294000,1,346.93638888889654,0 days 00:01:22.731000,10527.0,226.0,5,100.0,False,0,car,5220.165833333325,0.8926060680560106,OnTrack,777.004877968982,-2641.61999544455,1993.7779005178966,82.731,7653.294
2026-07-05 15:15:47.987,0 days 02:07:33.494000,1,341.9919444444522,0 days 00:01:22.931000,10336.0,227.0,6,100.0,False,0,car,5232.776944444437,0.8947624658912722,OnTrack,695.1420579103956,-2529.674310317927,1989.771256491071,82.931,7653.494
2026-07-05 15:15:48.226,0 days 02:07:33.733000,1,336.4816710933404,0 days 00:01:23.170000,10343.468744,229.2406232,6,100.0,False,0,pos,5248.022930809128,0.8973694060493271,OnTrack,624.0,-2435.0,1987.0,83.17,7653.733
2026-07-05 15:15:48.307,0 days 02:07:33.814000,1,334.61416666667355,0 days 00:01:23.251000,10346.0,230.0,6,100.0,False,0,car,5253.221388888882,0.8982583002673792,OnTrack,602.8166673925757,-2406.6488723468883,1986.10462464533,83.251,7653.814
2026-07-05 15:15:48.566,0 days 02:07:34.073000,1,329.3622173102072,0 days 00:01:23.510000,10438.831628041837,231.85663256083674,6,100.0,False,0,pos,5269.909791355106,0.9011118818935399,OnTrack,532.0,-2311.0,1984.0,83.51,7654.073
2026-07-05 15:15:48.586,0 days 02:07:34.093000,1,328.9566666666742,0 days 00:01:23.530000,10446.0,232.0,6,100.0,False,0,car,5271.201388888881,0.901332734608366,OnTrack,524.9220450828395,-2301.3778338973716,1983.9516870428329,83.53,7654.093
2026-07-05 15:15:48.726,0 days 02:07:34.233000,1,326.3511063466747,0 days 00:01:23.670000,10527.3751488,232.8750016,6,100.0,False,0,pos,5280.258037902479,0.9028813482202499,OnTrack,471.0,-2228.0,1984.0,83.67,7654.233
2026-07-05 15:15:48.746,0 days 02:07:34.253000,1,325.978888888897,0 days 00:01:23.690000,10539.0,233.0,6,100.0,False,0,car,5281.556944444436,0.9031034507162636,OnTrack,463.555569750754,-2217.8913007527954,1984.027870201169,83.69,7654.253
2026-07-05 15:15:48.906,0 days 02:07:34.413000,1,323.0455555555636,0 days 00:01:23.850000,10560.0,235.0,6,100.0,False,0,car,5292.001388888881,0.9048893661040572,OnTrack,408.6356834019456,-2143.6078987550995,1984.3500696337526,83.85,7654.413
2026-07-05 15:15:49.085,0 days 02:07:34.592000,1,320.4599990755637,0 days 00:01:24.029000,10615.6889088,235.9944448,6,100.0,False,0,pos,5303.756569587858,0.9068994067728807,OnTrack,331.0,-2042.0,1985.0,84.029,7654.592
2026-07-05 15:15:49.266,0 days 02:07:34.773000,1,317.8455555555638,0 days 00:01:24.210000,10672.0,237.0,6,100.0,False,0,car,5315.7013888888805,0.9089418741063594,OnTrack,219.41718904629323,-1900.0702827351483,1985.9284939908985,84.21,7654.773
2026-07-05 15:15:49.285,0 days 02:07:34.792000,1,317.64499932445267,0 days 00:01:24.229000,10676.922743854546,237.0863639272727,6,100.0,False,0,pos,5316.958114887549,0.9091567640711823,OnTrack,209.0,-1887.0,1986.0,84.229,7654.792
2026-07-05 15:15:49.706,0 days 02:07:35.213000,1,313.20111111111873,0 days 00:01:24.650000,10786.0,239.0,6,100.0,False,0,pos,5344.912499999992,0.9139367374622208,OnTrack,64.0,-1715.0,1986.0,84.65,7655.213
2026-07-05 15:15:49.906,0 days 02:07:35.413000,1,311.42333333334136,0 days 00:01:24.850000,10829.0,240.0,6,100.0,False,0,car,5358.245833333325,0.9162166294466383,OnTrack,-25.332680663770326,-1611.9813152599606,1985.9058019070394,84.85,7655.413
2026-07-05 15:15:50.106,0 days 02:07:35.613000,1,309.9788902686642,0 days 00:01:25.050000,10377.25913798132,240.9950239251513,6,35.3234448651671,False,0,pos,5371.636262440209,0.9185062843457904,OnTrack,-143.0,-1478.0,1985.0,85.05,7655.613
2026-07-05 15:15:50.107,0 days 02:07:35.614000,1,309.97166666667545,0 days 00:01:25.051000,10375.0,241.0,6,35.0,True,0,car,5371.701666666659,0.9185174679386626,OnTrack,-143.66157416549333,-1477.255309725001,1984.9910943377604,85.051,7655.614
2026-07-05 15:15:50.286,0 days 02:07:35.793000,1,309.97166666667545,0 days 00:01:25.230000,9917.8040032,228.3208288,6,8.895824000000003,True,0,pos,5383.016701284503,0.92045224719331,OnTrack,-260.0,-1347.0,1983.0,85.23,7655.793
2026-07-05 15:15:50.347,0 days 02:07:35.854000,1,309.97166666667545,0 days 00:01:25.291000,9762.0,224.0,6,0.0,True,0,car,5386.634999999992,0.9210709469612103,OnTrack,-284.65698476990383,-1319.2628413296525,1982.4509780744222,85.291,7655.854
2026-07-05 15:15:50.566,0 days 02:07:36.073000,1,312.10083395556404,0 days 00:01:25.510000,9862.375029333334,196.624992,6,0.0,True,0,pos,5398.5112594444845,0.9231016911146374,OnTrack,-327.0,-1271.0,1981.0,85.51,7656.073
2026-07-05 15:15:50.587,0 days 02:07:36.094000,1,312.3050000000085,0 days 00:01:25.531000,9872.0,194.0,6,0.0,True,0,car,5399.568333333325,0.9232824421860952,OnTrack,-332.4401719193837,-1264.9084325640515,1980.8391045982958,85.531,7656.094
2026-07-05 15:15:50.826,0 days 02:07:36.333000,1,316.9522184888973,0 days 00:01:25.770000,10110.146237257142,170.95358994285715,6,0.0,True,0,pos,5410.740631652039,0.9251928146899222,OnTrack,-414.0,-1175.0,1979.0,85.77,7656.333
2026-07-05 15:15:50.867,0 days 02:07:36.374000,1,317.7494444444528,0 days 00:01:25.811000,10151.0,167.0,5,0.0,True,0,car,5412.5572222222145,0.9255034369609154,OnTrack,-427.5602315138066,-1160.3645664701794,1978.8432690986772,85.811,7656.374
2026-07-05 15:15:51.067,0 days 02:07:36.574000,1,322.58277777778676,0 days 00:01:26.011000,10756.0,154.0,5,0.0,True,0,car,5421.112777777769,0.9269663676509164,OnTrack,-487.72113783991495,-1097.8338373880097,1978.3604508365997,86.011,7656.574
2026-07-05 15:15:51.106,0 days 02:07:36.613000,1,323.74193873778677,0 days 00:01:26.050000,10592.897231542856,152.18929462857142,5,0.0,True,0,pos,5422.712728688276,0.9272399462951407,OnTrack,-499.0,-1087.0,1978.0,86.05,7656.613
2026-07-05 15:15:51.186,0 days 02:07:36.693000,1,326.1197165155645,0 days 00:01:26.130000,10258.325802971429,148.47500891428572,5,0.0,True,0,pos,5425.921478562153,0.9277886165289498,OnTrack,-522.0,-1066.0,1977.0,86.13,7656.693
2026-07-05 15:15:51.347,0 days 02:07:36.854000,1,330.90500000000884,0 days 00:01:26.291000,9585.0,141.0,3,0.0,True,0,car,5432.079444444436,0.9288415788080999,OnTrack,-569.052868200923,-1028.0303487436076,1976.2235880342707,86.291,7656.854
2026-07-05 15:15:51.506,0 days 02:07:37.013000,1,336.77915957334164,0 days 00:01:26.450000,10038.94445184,133.84500864,3,0.0,True,0,pos,5437.766404376532,0.9298140028854665,OnTrack,-616.0,-996.0,1976.0,86.45,7657.013
2026-07-05 15:15:51.686,0 days 02:07:37.193000,1,343.4291690311188,0 days 00:01:26.630000,10552.84518272,125.74499712,3,0.0,True,0,pos,5443.783176897539,0.9308428222436698,OnTrack,-669.0,-966.0,1975.0,86.63,7657.193
2026-07-05 15:15:51.747,0 days 02:07:37.254000,1,345.6827777777853,0 days 00:01:26.691000,10727.0,123.0,2,0.0,True,0,car,5445.746111111103,0.9311784680921279,OnTrack,-687.0818687228689,-957.0650045693178,1974.8194299568547,86.691,7657.254
2026-07-05 15:15:51.926,0 days 02:07:37.433000,1,353.2405582577857,0 days 00:01:26.870000,10084.8372704,115.7281224,2,0.0,True,0,pos,5451.289743263902,0.9321263842803574,OnTrack,-740.0,-935.0,1975.0,86.87,7657.433
2026-07-05 15:15:52.067,0 days 02:07:37.574000,1,359.19388888889716,0 days 00:01:27.011000,9579.0,110.0,2,0.0,True,0,car,5455.523888888881,0.9328503888807007,OnTrack,-780.3824789508891,-923.4213681276736,1975.780256213899,87.011,7657.574
2026-07-05 15:15:52.126,0 days 02:07:37.633000,1,361.84889176889726,0 days 00:01:27.070000,9463.9498752,109.15714194285714,2,0.21071451428571428,True,0,pos,5457.281269022836,0.9331508866467743,OnTrack,-797.0,-920.0,1976.0,87.07,7657.633
2026-07-05 15:15:52.306,0 days 02:07:37.813000,1,369.94888024889747,0 days 00:01:27.250000,9112.9503744,106.58571702857142,2,0.8535707428571429,True,0,pos,5462.580227640393,0.9340569656426189,OnTrack,-849.0,-914.0,1976.0,87.25,7657.813
2026-07-05 15:15:52.347,0 days 02:07:37.854000,1,371.7938888888975,0 days 00:01:27.291000,9033.0,106.0,2,1.0,True,0,car,5463.768333333325,0.9342601220910656,OnTrack,-862.5678958346904,-913.2481230138839,1976.061470948628,87.291,7657.854
2026-07-05 15:15:52.547,0 days 02:07:38.054000,1,381.1827777777862,0 days 00:01:27.491000,8897.0,102.0,2,3.0,False,0,car,5469.434999999992,0.9352290761844431,OnTrack,-936.8734632023967,-913.5224650990041,1976.854152543863,87.491,7658.054
2026-07-05 15:15:52.586,0 days 02:07:38.093000,1,383.1652680177861,0 days 00:01:27.530000,8894.36751296,101.31750336,2,4.55999232,False,0,pos,5470.504067500588,0.9354118780663487,OnTrack,-951.0,-915.0,1977.0,87.53,7658.093
2026-07-05 15:15:52.947,0 days 02:07:38.454000,1,401.51611111111833,0 days 00:01:27.891000,8870.0,95.0,2,19.0,False,0,car,5479.990555555548,0.9370339906721069,OnTrack,-1058.321816887395,-946.3290911765143,1977.8799687850776,87.891,7658.454
2026-07-05 15:15:52.986,0 days 02:07:38.493000,1,403.54193447111845,0 days 00:01:27.930000,8945.26962944,95.0,2,21.53498752,False,0,pos,5481.015352470642,0.9372092226425354,OnTrack,-1065.0,-949.0,1978.0,87.93,7658.493
2026-07-05 15:15:53.147,0 days 02:07:38.654000,1,411.90500000000793,0 days 00:01:28.091000,9256.0,95.0,2,32.0,False,0,car,5485.268333333325,0.9379364479159388,OnTrack,-1080.7686023465264,-956.2739804807113,1978.6200857844806,88.091,7658.654
2026-07-05 15:15:53.246,0 days 02:07:38.753000,1,417.07500334223056,0 days 00:01:28.190000,9279.76001536,95.49500032,2,38.43500416,False,0,pos,5487.889639493496,0.9383846700336845,OnTrack,-1094.0,-965.0,1979.0,88.19,7658.753
2026-07-05 15:15:53.347,0 days 02:07:38.854000,1,422.3494444444532,0 days 00:01:28.291000,9304.0,96.0,2,45.0,False,0,car,5490.601666666658,0.9388484047097058,OnTrack,-1117.5267731261777,-981.2968123312967,1979.330034050807,88.291,7658.854
2026-07-05 15:15:53.507,0 days 02:07:39.014000,1,430.6161111111196,0 days 00:01:28.451000,9563.0,100.0,2,51.0,False,0,car,5495.046111111103,0.9396083687045116,OnTrack,-1169.0697368255867,-1017.9284194108914,1979.7684111057843,88.451,7659.014
2026-07-05 15:15:53.586,0 days 02:07:39.093000,1,434.65387907556396,0 days 00:01:28.530000,9917.840804266667,101.9749952,2,56.9249856,False,0,pos,5497.302909311873,0.9399942629141406,OnTrack,-1191.0,-1034.0,1980.0,88.53,7659.093
2026-07-05 15:15:53.747,0 days 02:07:39.254000,1,442.88277777778603,0 days 00:01:28.691000,10641.0,106.0,2,69.0,False,0,car,5502.112777777769,0.9408167114562529,OnTrack,-1224.7397324093158,-1060.03139721906,1980.5230225710084,88.691,7659.254
2026-07-05 15:15:53.946,0 days 02:07:39.453000,1,452.44582410667545,0 days 00:01:28.890000,9777.8383328,114.7062416,2,36.0406568,False,0,pos,5508.68520370181,0.9419405430449328,OnTrack,-1263.0,-1089.0,1981.0,88.89,7659.453
2026-07-05 15:15:54.067,0 days 02:07:39.574000,1,458.2605555555647,0 days 00:01:29.011000,9253.0,120.0,2,16.0,False,0,car,5512.779444444435,0.9426406250437868,OnTrack,-1295.2994527613498,-1110.8451721495,1981.0282981717285,89.011,7659.574
2026-07-05 15:15:54.166,0 days 02:07:39.673000,1,463.1280587022313,0 days 00:01:29.110000,9022.117707885714,119.64642834285715,2,10.342853485714286,False,0,pos,5516.087215610565,0.9432062271163827,OnTrack,-1324.0,-1128.0,1981.0,89.11,7659.673
2026-07-05 15:15:54.347,0 days 02:07:39.854000,1,472.0272222222311,0 days 00:01:29.291000,8600.0,119.0,3,0.0,False,0,car,5522.034999999991,0.9442232500629699,OnTrack,-1376.4146654758397,-1151.9267742447714,1981.0013566480488,89.291,7659.854
2026-07-05 15:15:54.366,0 days 02:07:39.873000,1,472.9825032177867,0 days 00:01:29.310000,8576.1311696,118.6437488,3,0.3562512,False,0,pos,5522.651669010962,0.9443286954681063,OnTrack,-1382.0,-1154.0,1981.0,89.31,7659.873
2026-07-05 15:15:54.507,0 days 02:07:40.014000,1,480.0716666666758,0 days 00:01:29.451000,8399.0,116.0,3,3.0,False,0,car,5527.190555555546,0.9451048082969445,OnTrack,-1424.2030932505995,-1166.7790043793543,1980.990282956674,89.451,7660.014
2026-07-05 15:15:54.526,0 days 02:07:40.033000,1,481.0375032533425,0 days 00:01:29.470000,8404.51001856,115.90499968,3,4.71000576,False,0,pos,5527.7993121190975,0.9452089007376725,OnTrack,-1430.0,-1168.0,1981.0,89.47,7660.033
2026-07-05 15:15:54.706,0 days 02:07:40.213000,1,490.1874902400094,0 days 00:01:29.650000,8456.70994432,115.00500096,3,20.90998272,False,0,pos,5533.547529404888,0.9461917993262647,OnTrack,-1486.0,-1173.0,1981.0,89.65,7660.213
2026-07-05 15:15:54.707,0 days 02:07:40.214000,1,490.2383333333428,0 days 00:01:29.651000,8457.0,115.0,3,21.0,False,0,car,5533.579444444435,0.946197256539478,OnTrack,-1486.3135456572886,-1172.9974563562928,1980.996147487616,89.651,7660.214
2026-07-05 15:15:54.866,0 days 02:07:40.373000,1,498.45332341334256,0 days 00:01:29.810000,8531.1999104,115.0,3,26.9624928,False,0,pos,5538.6539796972,0.9470649609580347,OnTrack,-1536.0,-1169.0,1980.0,89.81,7660.373
2026-07-05 15:15:54.947,0 days 02:07:40.454000,1,502.6383333333424,0 days 00:01:29.891000,8569.0,115.0,3,30.0,False,0,car,5541.2461111111015,0.947508194430518,OnTrack,-1560.684422399768,-1165.0671971257734,1979.8796734243044,89.891,7660.454
2026-07-05 15:15:55.106,0 days 02:07:40.613000,1,510.89749002667634,0 days 00:01:30.050000,8642.93491072,115.79499904,3,34.76999424,False,0,pos,5546.360368678445,0.9483826910430707,OnTrack,-1613.0,-1152.0,1980.0,90.05,7660.613
2026-07-05 15:15:55.147,0 days 02:07:40.654000,1,513.027222222232,0 days 00:01:30.091000,8662.0,116.0,3,36.0,False,0,car,5547.690555555546,0.9486101422229866,OnTrack,-1629.078201134489,-1146.796959506705,1979.8533483613703,90.091,7660.654
2026-07-05 15:15:55.406,0 days 02:07:40.913000,1,526.2650112386933,0 days 00:01:30.350000,9016.805943858122,118.43573874502144,3,40.87147749004288,False,0,pos,5556.227713657988,0.9500699270975462,OnTrack,-1737.0,-1105.0,1978.0,90.35,7660.913
2026-07-05 15:15:55.466,0 days 02:07:40.973000,1,529.3316666666769,0 days 00:01:30.410000,9099.0,119.0,3,42.0,False,0,car,5558.235277777768,0.950413204298413,OnTrack,-1754.1416734180657,-1097.4481268969298,1977.8036803227967,90.41,7660.973
2026-07-05 15:15:55.666,0 days 02:07:41.173000,1,539.3872222222326,0 days 00:01:30.610000,9358.0,122.0,3,46.0,False,0,car,5565.013055555546,0.951572149390492,OnTrack,-1790.6216327752045,-1077.5596598107647,1977.9148477734313,90.61,7661.173
2026-07-05 15:15:55.725,0 days 02:07:41.232000,1,542.2388919822326,0 days 00:01:30.669000,9445.5167616,122.81944533333333,3,47.311112533333336,False,0,pos,5567.0467056942125,0.9519198870892611,OnTrack,-1802.0,-1070.0,1978.0,90.669,7661.232
2026-07-05 15:15:56.026,0 days 02:07:41.533000,1,556.7872222222331,0 days 00:01:30.970000,9892.0,127.0,3,54.0,False,0,car,5577.713055555546,0.9537437465056496,OnTrack,-1876.4383675940492,-1013.9897193502514,1977.7442849175404,90.97,7661.533
2026-07-05 15:15:56.085,0 days 02:07:41.592000,1,559.5077807288998,0 days 00:01:31.029000,9983.6959328,128.7208352,3,55.7208352,False,0,pos,5579.871580364114,0.9541128367613412,OnTrack,-1892.0,-1001.0,1977.0,91.029,7661.592
2026-07-05 15:15:56.146,0 days 02:07:41.653000,1,562.3205555555664,0 days 00:01:31.090000,10078.5,130.5,3,57.5,False,0,pos,5582.127507015231,0.9544985819430396,OnTrack,-1908.0,-987.0,1976.0,91.09,7661.653
2026-07-05 15:15:56.266,0 days 02:07:41.773000,1,567.8538888888997,0 days 00:01:31.210000,10265.0,134.0,3,61.0,False,0,car,5586.646388888879,0.9552712741352094,OnTrack,-1938.9272896593543,-955.3118449939822,1975.3839510529679,91.21,7661.773
2026-07-05 15:15:56.426,0 days 02:07:41.933000,1,574.6983296930878,0 days 00:01:31.370000,10550.872424134333,137.5457044853871,3,64.54570448538709,False,0,pos,5592.848127901858,0.9563317212650948,OnTrack,-1978.0,-909.0,1976.0,91.37,7661.933
2026-07-05 15:15:56.627,0 days 02:07:42.134000,1,583.296666666678,0 days 00:01:31.571000,10910.0,142.0,3,69.0,False,0,car,5600.885833333324,0.957706103779068,OnTrack,-2023.6671163461124,-852.052344838406,1975.4538185771028,91.571,7662.134
2026-07-05 15:15:56.706,0 days 02:07:42.213000,1,586.5224921600111,0 days 00:01:31.650000,11096.6370464,144.9624928,3,70.4812464,False,0,pos,5604.105676161639,0.9582566708182201,OnTrack,-2048.0,-821.0,1975.0,91.65,7662.213
2026-07-05 15:15:56.787,0 days 02:07:42.294000,1,589.8300000000108,0 days 00:01:31.731000,11288.0,148.0,3,72.0,False,0,car,5607.463611111101,0.9588308504913805,OnTrack,-2079.214517622861,-780.9957417164668,1974.4548537287812,91.731,7662.294
2026-07-05 15:15:56.866,0 days 02:07:42.373000,1,592.8802703644554,0 days 00:01:31.810000,11477.99453824,150.76499328,3,75.15999232,False,0,pos,5610.814854351363,0.9594038859364782,OnTrack,-2109.0,-742.0,1974.0,91.81,7662.373
2026-07-05 15:15:56.987,0 days 02:07:42.494000,1,597.5522222222335,0 days 00:01:31.931000,11769.0,155.0,3,80.0,False,0,car,5616.074722222213,0.9603032807313169,OnTrack,-2140.7155784999413,-697.2277518744953,1973.7394090119471,91.931,7662.494
2026-07-05 15:15:57.227,0 days 02:07:42.734000,1,606.0855555555663,0 days 00:01:32.171000,11296.0,162.0,3,82.0,False,0,car,5626.874722222213,0.9621499932386951,OnTrack,-2173.461631544429,-633.4787408532625,1974.0388352716084,92.171,7662.734
2026-07-05 15:15:57.266,0 days 02:07:42.773000,1,607.3638825955665,0 days 00:01:32.210000,11257.139477028571,163.25356525714287,3,82.41785508571428,False,0,pos,5628.679313128201,0.9624585636643236,OnTrack,-2180.0,-619.0,1974.0,92.21,7662.773
2026-07-05 15:15:57.507,0 days 02:07:43.014000,1,615.2633333333451,0 days 00:01:32.451000,11017.0,171.0,4,85.0,False,0,car,5640.174722222212,0.9644241854931515,OnTrack,-2228.94758614623,-504.31088986405405,1973.1596409436422,92.451,7663.014
2026-07-05 15:15:57.546,0 days 02:07:43.053000,1,616.335828053345,0 days 00:01:32.490000,11098.101873454545,172.24090298181818,4,85.17727185454545,False,0,pos,5642.099433621999,0.9647532955501033,OnTrack,-2236.0,-486.0,1973.0,92.49,7663.053
2026-07-05 15:15:57.786,0 days 02:07:43.293000,1,622.9358280533448,0 days 00:01:32.730000,11597.192782545455,179.8772666181818,4,86.26818094545455,False,0,pos,5654.340597853024,0.9668464354658721,OnTrack,-2269.0,-382.0,1972.0,92.73,7663.293
2026-07-05 15:15:57.947,0 days 02:07:43.454000,1,627.3633333333446,0 days 00:01:32.891000,11932.0,185.0,4,87.0,False,0,car,5662.785833333323,0.9682905023167262,OnTrack,-2287.0841879305285,-301.759987993936,1971.005751476936,92.891,7663.454
2026-07-05 15:15:58.066,0 days 02:07:43.573000,1,630.3383285333451,0 days 00:01:33.010000,11413.75583616,189.16499328,4,85.81000192,False,0,pos,5669.105614198006,0.969371133646976,OnTrack,-2298.0,-239.0,1970.0,93.01,7663.573
2026-07-05 15:15:58.147,0 days 02:07:43.654000,1,632.3633333333455,0 days 00:01:33.091000,11061.0,192.0,4,85.0,False,0,car,5673.452499999989,0.9701144159042601,OnTrack,-2303.82461791173,-196.14841852174638,1969.1804674267253,93.091,7663.654
2026-07-05 15:15:58.166,0 days 02:07:43.673000,1,632.8013903644567,0 days 00:01:33.110000,11018.7248576,192.4750016,4,84.90499968,False,0,pos,5674.478080047717,0.9702897817840248,OnTrack,-2305.0,-186.0,1969.0,93.11,7663.673
2026-07-05 15:15:58.347,0 days 02:07:43.854000,1,636.9744444444568,0 days 00:01:33.291000,10616.0,197.0,5,84.0,False,0,car,5684.396944444434,0.9719858272414694,OnTrack,-2312.5390702397453,-86.75235001543274,1967.7548644205913,93.291,7663.854
2026-07-05 15:15:58.486,0 days 02:07:43.993000,1,639.677223466679,0 days 00:01:33.430000,10800.947307377777,201.24722417777778,5,85.54444515555555,False,0,pos,5692.294223951398,0.9733361980599667,OnTrack,-2314.0,-9.0,1967.0,93.43,7663.993
2026-07-05 15:15:58.686,0 days 02:07:44.193000,1,643.566112355568,0 days 00:01:33.630000,11067.058418488888,207.3583352888889,5,87.76666737777778,False,0,pos,5703.966007360528,0.9753319784678417,OnTrack,-2309.0,104.0,1966.0,93.63,7664.193
2026-07-05 15:15:58.707,0 days 02:07:44.214000,1,643.9744444444568,0 days 00:01:33.651000,11095.0,208.0,5,88.0,False,0,car,5705.196944444434,0.9755424587371607,OnTrack,-2307.7829099411324,116.17235119986383,1965.9734589414936,93.651,7664.214
2026-07-05 15:15:58.846,0 days 02:07:44.353000,1,646.4841678222339,0 days 00:01:33.790000,11308.133431466667,210.89583466666667,5,94.9500032,False,0,pos,5713.3674579919425,0.9769395503630762,OnTrack,-2297.0,197.0,1966.0,93.79,7664.353
2026-07-05 15:15:58.947,0 days 02:07:44.454000,1,648.3077777777889,0 days 00:01:33.891000,11463.0,213.0,5,100.0,False,0,car,5719.396944444435,0.9779705437005656,OnTrack,-2288.3713010472534,252.29663273229232,1965.5504027899833,93.891,7664.454
2026-07-05 15:15:59.146,0 days 02:07:44.653000,1,651.2927748977896,0 days 00:01:34.090000,11722.9434992,219.218744,5,100.0,False,0,pos,5731.630052302417,0.9800623060418102,OnTrack,-2259.0,372.0,1964.0,94.09,7664.653
2026-07-05 15:15:59.267,0 days 02:07:44.774000,1,653.10777777779,0 days 00:01:34.211000,11881.0,223.0,5,100.0,False,0,car,5739.219166666657,0.9813599831173996,OnTrack,-2221.697927843007,472.69266245905504,1963.4137069415735,94.211,7664.774
2026-07-05 15:15:59.386,0 days 02:07:44.893000,1,654.6613863822346,0 days 00:01:34.330000,11456.76568448,226.56999424,5,100.0,False,0,pos,5746.75427869638,0.9826484262312686,OnTrack,-2181.0,570.0,1963.0,94.33,7664.893
2026-07-05 15:15:59.467,0 days 02:07:44.974000,1,655.7188888889013,0 days 00:01:34.411000,11168.0,229.0,5,100.0,False,0,car,5751.941388888879,0.9835353800525313,OnTrack,-2157.087611612924,622.2581339435947,1962.7341300697876,94.411,7664.974
2026-07-05 15:15:59.766,0 days 02:07:45.273000,1,658.9580562489018,0 days 00:01:34.710000,10809.1999232,235.5406264,5,100.0,False,0,pos,5771.528993519637,0.9868847017619016,OnTrack,-2081.0,754.0,1962.0,94.71,7665.273
2026-07-05 15:15:59.787,0 days 02:07:45.294000,1,659.1855555555685,0 days 00:01:34.731000,10784.0,236.0,6,100.0,False,0,car,5772.919166666657,0.9871224101080148,OnTrack,-2074.8807539817262,763.4652165006938,1961.9772941833337,94.731,7665.294
2026-07-05 15:16:00.026,0 days 02:07:45.533000,1,661.3763871289008,0 days 00:01:34.970000,11069.803937066667,239.98333013333334,6,100.0,False,0,pos,5788.8518106411875,0.989846763154623,OnTrack,-1993.0,884.0,1962.0,94.97,7665.533
2026-07-05 15:16:00.027,0 days 02:07:45.534000,1,661.3855555555674,0 days 00:01:34.971000,11071.0,240.0,6,100.0,False,0,car,5788.9191666666575,0.9898582804893159,OnTrack,-1992.5953316413315,884.5758703873687,1962.0010701644342,94.971,7665.534
2026-07-05 15:16:00.227,0 days 02:07:45.734000,1,662.8855555555674,0 days 00:01:35.171000,11387.0,245.0,6,100.0,False,0,car,5802.530277777769,0.9921856702234089,OnTrack,-1900.312406379741,1013.1542422184755,1962.3709872844404,95.171,7665.734
2026-07-05 15:16:00.446,0 days 02:07:45.953000,1,664.0413892266788,0 days 00:01:35.390000,11512.9250368,250.4750016,6,100.0,False,0,pos,5817.807217907986,0.994797903224607,OnTrack,-1797.0,1154.0,1963.0,95.39,7665.953
2026-07-05 15:16:00.507,0 days 02:07:46.014000,1,664.3633333333455,0 days 00:01:35.451000,11548.0,252.0,6,100.0,False,0,car,5822.130277777768,0.9955371114405025,OnTrack,-1772.553620190992,1187.1017411696143,1963.1904109228276,95.451,7666.014
2026-07-05 15:16:00.576,0 days 02:07:46.083000,1,664.3633333333455,0 days 00:01:35.520000,11603.008282311112,253.7249984,6,100.0,False,0,interpolation,5827.05505117565,0.99637920779512,OnTrack,-1747.2175254845986,1221.2711163854117,1963.4135441756266,95.52,7666.083
